MeshAnim
1
35
79
30
0.7710124 -0.009885509 -0.6367435 0
-0.01891703 0.9990827 -0.03841689 0
0.6365392 0.04166519 0.7701181 0
0.01237277 0.8590301 0.05810552 1

0.944158 0.1630223 0.2863381 0
0.2700568 -0.8807526 -0.3890295 0
0.1887725 0.4446329 -0.875595 0
0.1117142 0.8264486 -0.02922745 1

0.944158 0.1630223 0.2863381 0
0.1033139 -0.9716741 0.2125457 0
0.3128769 -0.1710939 -0.9342563 0
0.2306349 0.4386055 -0.2005382 1

0.9913282 0.06231824 -0.1156933 0
0.06203496 -0.9980556 -0.006050691 0
-0.1158455 -0.001178762 -0.9932666 0
0.2635881 0.1286786 -0.1327443 1

0.9911687 0.06228923 -0.1170671 0
0.06660174 -0.9972242 0.03329108 0
-0.1146685 -0.0407939 -0.9925658 0
0.2541784 0.02452946 -0.2694714 1

0.5753589 -0.232517 -0.7841543 0
0.3207001 0.9461003 -0.04522921 0
0.7524052 -0.2254554 0.6189156 0
-0.09264131 0.8290683 0.1395403 1

0.5753562 -0.2325249 -0.7841539 0
-0.207019 0.8861173 -0.4146558 0
0.7912701 0.4009095 0.4616961 0
-0.2338627 0.4124498 0.1594571 1

0.4442987 -0.1024955 -0.8899963 0
0.05992597 0.994609 -0.08462721 0
0.8938724 -0.0157342 0.4480456 0
-0.1678318 0.1298118 0.2917169 1

0.4352799 -0.1027019 -0.8944181 0
-0.0378872 0.9905024 -0.1321731 0
0.8994976 0.09141923 0.4272548 0
-0.2965529 0.02833939 0.2391429 1

0.7802632 -0.01236937 -0.625329 0
-0.00303019 0.999718 -0.02355596 0
0.625444 0.0202747 0.7800056 0
0.01174564 0.9954383 0.0552284 1

0.8054756 -0.036188 -0.5915231 0
-0.04353745 0.9918234 -0.1199623 0
0.5910276 0.1223801 0.797314 0
0.01122285 1.167919 0.05116431 1

0.7112916 -0.09696779 -0.6961764 0
-0.3202493 0.8369589 -0.4437794 0
0.6257032 0.5386067 0.564268 0
0.009500915 1.355331 0.03735411 1

-0.3286263 0.7606661 -0.5598142 0
0.4479006 -0.3963217 -0.801445 0
-0.8314984 -0.5141171 -0.210461 0
0.02953235 1.434962 -0.04418699 1

-0.506254 0.1695539 -0.8455518 0
-0.2356743 -0.9703597 -0.0534765 0
-0.8295566 0.1722023 0.5312082 0
0.129817 1.346226 -0.22363 1

-0.5237155 0.125489 -0.8425997 0
-0.8031306 -0.4025651 0.4392294 0
-0.2840829 0.9067491 0.3116136 0
0.05935854 1.056123 -0.2396181 1

0.4086509 -0.8425289 0.3509275 0
-0.8758375 -0.4701611 -0.1088901 0
0.2567354 -0.2628576 -0.93005 0
-0.1423671 0.9550096 -0.1292951 1

-0.250355 0.9113718 -0.3266875 0
0.2567354 -0.2628576 -0.93005 0
-0.9334933 -0.3167147 -0.1681737 0
-0.1737863 0.930249 -0.179355 1

-0.8554587 -0.504449 0.1171383 0
-0.5021804 0.7527838 -0.4255959 0
0.1265116 -0.4229044 -0.8973 0
-0.2455765 0.8769454 -0.2098131 1

-0.9613409 0.1732255 -0.2140481 0
0.2465079 0.8878003 -0.3886448 0
0.1227088 -0.4263848 -0.8961804 0
-0.2731793 0.918323 -0.2332064 1

-0.7746625 -0.6231447 0.1076509 0
-0.5921016 0.6549612 -0.4695125 0
0.222067 -0.4274541 -0.8763387 0
-0.2579091 0.8864391 -0.1678026 1

-0.9267288 0.1870293 -0.3258743 0
0.3042669 0.8824163 -0.3588358 0
0.2204441 -0.4316965 -0.8746675 0
-0.290867 0.9243011 -0.1946646 1

-0.7875735 -0.5984886 0.1467639 0
-0.5765619 0.6316205 -0.5182977 0
0.2174962 -0.492816 -0.8425131 0
-0.2702427 0.9017985 -0.1296271 1

-0.9227197 0.1776317 -0.3421048 0
0.3182514 0.8518099 -0.4160966 0
0.2174962 -0.492816 -0.8425131 0
-0.3014146 0.935947 -0.157649 1

-0.8572104 -0.5146597 -0.01776531 0
-0.3678441 0.6360901 -0.6782922 0
0.3603901 -0.5749044 -0.7345777 0
-0.2795998 0.9160118 -0.09829453 1

-0.9271144 -0.1210217 -0.3547011 0
0.1170794 0.8055359 -0.5808653 0
0.3560219 -0.5800569 -0.7326548 0
-0.297192 0.9480313 -0.1320204 1

0.6837187 -0.4311123 -0.5887879 0
-0.6250073 -0.7624315 -0.1675237 0
-0.3766887 0.4825361 -0.7907369 0
-0.188563 0.9302653 -0.2233585 1

-0.02737081 -0.8347878 -0.5498917 0
-0.9892144 0.1018052 -0.1053114 0
0.1438943 0.5410782 -0.8285705 0
-0.2245914 0.8841207 -0.2343547 1

0.09555538 -0.8146936 -0.5719646 0
-0.8031306 -0.4025651 0.4392294 0
-0.5880902 0.4173917 -0.6927725 0
-0.03271087 1.009974 -0.1892657 1

-0.4030026 0.1557829 -0.9018428 0
-0.2406411 -0.9687697 -0.05980953 0
-0.8829952 0.1929171 0.4279045 0
0.129817 1.346226 -0.22363 1

-0.5558361 0.1797267 -0.8116305 0
-0.2356743 -0.9703597 -0.0534765 0
-0.7971847 0.1615564 0.581718 0
0.0850389 1.161858 -0.2337906 1

-0.1014627 0.1959303 -0.9753546 0
0.5423932 -0.8109881 -0.2193354 0
-0.8339753 -0.5512802 -0.02398619 0
0.1241613 1.36165 -0.3130267 1

0.895277 0.2670603 -0.3565923 0
-0.4426059 0.6244188 -0.6435848 0
0.050787 0.7340165 0.6772301 0
-0.04922586 1.505767 -0.04360141 1

0.9952263 0.08942599 0.03908306 0
-0.07126928 0.9395415 -0.3349369 0
-0.06667227 0.3305526 0.9414296 0
-0.1028867 1.581471 -0.1216285 1

0.9952263 0.08942599 0.03908306 0
-0.07126928 0.9395415 -0.3349369 0
-0.06667227 0.3305526 0.9414296 0
-0.09885531 1.593638 -0.2521262 1

0.9655699 -0.2164093 0.1443669 0
-0.25824 -0.8643801 0.4314623 0
0.03141543 -0.4538884 -0.8905049 0
-0.04782905 1.596871 -0.2255309 1

0.9451053 0.3234226 -0.04662681 0
-0.3108511 0.8458843 -0.4334184 0
-0.1007363 0.4241199 0.8999858 0
-0.1527383 1.585675 -0.2280574 1

0.9952263 0.08942599 0.03908306 0
0.07126928 -0.9395415 0.3349369 0
0.06667224 -0.3305526 -0.9414296 0
-0.06457791 1.615225 -0.2238254 1

0.9952263 0.08942599 0.03908306 0
-0.07126928 0.9395415 -0.3349369 0
-0.06667227 0.3305526 0.9414296 0
-0.1385236 1.60858 -0.2267289 1

0.973137 0.2148875 -0.08263019 0
0.2302065 -0.9129769 0.3368655 0
-0.003051311 -0.3468383 -0.93792 0
-0.08188079 1.607422 -0.2627122 1

0.9799446 0.1992686 -0.0005668104 0
-0.1877847 0.9225112 -0.337209 0
-0.06667227 0.3305526 0.9414296 0
-0.113642 1.605928 -0.2655576 1

0.9741197 0.118301 0.1926025 0
0.09370762 -0.9867883 0.1321666 0
0.2056933 -0.1106977 -0.9723357 0
-0.03474279 1.633302 -0.2477224 1

0.9958754 0.07033254 -0.05732241 0
-0.08084102 0.9746532 -0.2086048 0
0.04119754 0.2123783 0.9763188 0
-0.1691984 1.622061 -0.2544174 1

0.9808193 0.1949169 0.001023084 0
0.1830191 -0.9227308 0.3392226 0
0.06706405 -0.3325289 -0.9407056 0
-0.06458937 1.615428 -0.223998 1

0.99691 -0.01720811 0.07664329 0
0.04418333 0.9295697 -0.3659893 0
-0.06494746 0.3682447 0.9274576 0
-0.1385215 1.60857 -0.2267587 1

0.9859723 0.1557471 0.06001323 0
-0.129088 0.9394845 -0.317341 0
-0.1058066 0.3051424 0.9464106 0
-0.1015753 1.584667 -0.1623343 1

0.9203685 0.3867916 0.05756852 0
0.3696477 -0.9085494 0.1946764 0
0.1276029 -0.1578939 -0.9791768 0
-0.06327131 1.529571 -0.2473385 1

0.9856926 0.1577654 0.05933124 0
-0.1432357 0.9695733 -0.1985228 0
-0.08884609 0.1871841 0.9782987 0
-0.08970201 1.5413 -0.2591159 1

0.9954086 -0.09550891 -0.006300509 0
0.093112 0.9814747 -0.1674449 0
0.02217615 0.1660894 0.9858613 0
-0.1171831 1.523154 -0.2479486 1

0.9942173 -0.0004303688 0.1073857 0
-0.0436756 -0.9151686 0.4006985 0
0.09810361 -0.4030715 -0.9098954 0
-0.04205218 1.540581 -0.2172106 1

0.9575744 0.2838376 -0.04987562 0
-0.2789664 0.8695248 -0.4075593 0
-0.07231259 0.4041819 0.9118158 0
-0.1504117 1.52647 -0.2180632 1

0.9843762 0.1311872 0.1174448 0
0.05337632 -0.8579469 0.5109581 0
0.1677924 -0.4967063 -0.851545 0
-0.06789457 1.552587 -0.2431492 1

0.9926585 0.1173973 0.02910331 0
-0.08640485 0.8566765 -0.5085665 0
-0.08463645 0.5023181 0.8605306 0
-0.0936335 1.551846 -0.2500886 1

0.9897945 0.1270794 -0.06448013 0
-0.1415494 0.8245347 -0.5478197 0
-0.01645055 0.5513561 0.8341079 0
-0.1213905 1.548509 -0.2442456 1

0.9951971 0.08981086 0.03894573 0
0.06231813 -0.8880637 0.4554771 0
0.07549322 -0.4508625 -0.8893951 0
-0.07852715 1.578038 -0.2474769 1

0.9951971 0.08981086 0.03894573 0
-0.06231815 0.8880637 -0.4554771 0
-0.07549319 0.4508624 0.8893952 0
-0.09599563 1.566387 -0.2625878 1

0.9951971 0.08981086 0.03894573 0
-0.06231815 0.8880637 -0.4554771 0
-0.07549319 0.4508624 0.8893952 0
-0.1164308 1.57443 -0.2488947 1

0.9952263 0.08942599 0.03908306 0
-0.07129691 0.9396784 -0.334547 0
-0.06664282 0.3301634 0.9415681 0
-0.1080784 1.666777 -0.1846189 1

0.3974608 -0.8259657 0.3997575 0
0.401527 -0.2351779 -0.885137 0
0.8251067 0.5123207 0.2381734 0
-0.06944733 1.45575 0.01275903 1

0.8322864 -0.4563506 0.3147119 0
0.5542594 0.6950847 -0.4578799 0
-0.009797752 0.5555193 0.8314461 0
-0.1593516 1.508412 0.2109343 1

0.8708368 -0.3956755 0.2916923 0
-0.01475927 0.5720731 0.82007 0
-0.4913508 -0.7184524 0.4923424 0
-0.3250558 1.300603 0.3478263 1

0.9996768 -0.01546261 0.02018094 0
-0.001497984 0.7565859 0.653893 0
-0.02537963 -0.6537117 0.756318 0
-0.3213497 1.156913 0.1418464 1

-0.9842294 -0.116152 -0.1334216 0
-0.02537963 -0.6537117 0.756318 0
-0.1750673 0.7477766 0.6404544 0
-0.2695162 1.090002 0.03586749 1

0.9776261 0.1386112 0.1582224 0
-0.2098824 0.6929388 0.689772 0
-0.0140284 -0.7075471 0.7065269 0
-0.3147371 1.099094 0.000982739 1

0.5241898 0.6000533 0.6042857 0
-0.8505375 0.3334346 0.4067026 0
0.04255345 -0.7271572 0.6851509 0
-0.3032003 1.061005 -0.03693129 1

0.1621011 0.7913729 0.5894508 0
-0.9851043 0.09504334 0.143306 0
0.05738512 -0.6039004 0.7949915 0
-0.317574 1.068543 0.03362807 1

-0.9688683 0.1566068 0.1917524 0
-0.240044 -0.783824 -0.5727119 0
0.06060946 -0.6009114 0.7970145 0
-0.2613443 1.06391 0.02600334 1

0.002209634 0.7655115 0.6434186 0
-0.9942858 -0.06699032 0.08311689 0
0.1067298 -0.6399257 0.760989 0
-0.3140755 1.040988 0.06639931 1

-0.9532317 0.159563 0.2566896 0
-0.2705228 -0.8291729 -0.4891728 0
0.1347861 -0.5357355 0.8335592 0
-0.2603194 1.04461 0.06190509 1

0.04303357 0.7667319 0.6405237 0
-0.9698277 -0.1219285 0.211111 0
0.2399636 -0.6302825 0.7383506 0
-0.3101724 1.019288 0.09441962 1

-0.9483284 0.06309118 0.3109548 0
-0.1797571 -0.9144124 -0.3626813 0
0.2614588 -0.3998371 0.8785042 0
-0.26193 1.02598 0.08441726 1

0.1997378 -0.9798468 0.002337664 0
-0.9288191 -0.1885751 0.3189589 0
-0.3120898 -0.0658794 -0.9477655 0
-0.2947312 1.16344 0.04478633 1

-0.9416529 -0.3231493 -0.09415275 0
-0.3292644 0.8263679 0.4568388 0
-0.06982231 0.4611848 -0.8845526 0
-0.2457577 1.174314 0.0251921 1

0.965929 -0.2037834 0.1595417 0
-0.01475927 0.5720731 0.82007 0
-0.2583862 -0.7944843 0.5495743 0
-0.3233626 1.235018 0.2538129 1

0.7741456 -0.6280747 -0.07887211 0
0.5294275 0.7107265 -0.4632221 0
0.3469945 0.3168443 0.8827257 0
-0.1593518 1.508412 0.2109344 1

0.8313468 -0.4892247 0.2636699 0
0.5542594 0.6950847 -0.4578799 0
0.04073322 0.5267985 0.8490137 0
-0.2646592 1.376345 0.297932 1

0.7098243 -0.6597372 -0.2467723 0
0.03994042 0.3874749 -0.9210148 0
0.7032455 0.6439024 0.3013891 0
-0.2187513 1.565316 0.2334079 1

0.9951993 -0.09786879 -2.980232E-08 0
0.09786879 0.9951994 -1.117587E-08 0
2.980232E-08 6.984919E-09 1 0
-0.150452 0.9045892 0.1193795 1

1 0 0 0
0 1 0 0
0 0 1 0
0 0 0 1

1 0 0 0
0 1 0 0
0 0 1 0
0 0 0 1

0.7733688 0.002173739 -0.6339526 0
-0.02740288 0.9991741 -0.03000318 0
0.6333638 0.04057565 0.7727897 0
0.00778673 0.8592048 0.0597312 1

0.9425479 0.1658621 0.2899881 0
0.2728275 -0.8831199 -0.3816603 0
0.1927911 0.4388498 -0.8776346 0
0.1077213 0.8282245 -0.02750774 1

0.9425479 0.1658621 0.2899881 0
0.1118191 -0.9746093 0.193994 0
0.3148011 -0.1504225 -0.9371625 0
0.227862 0.4393389 -0.1955735 1

0.9914842 0.06271113 -0.1141326 0
0.06238306 -0.9980317 -0.006447718 0
-0.1143123 -0.0007271264 -0.9934448 0
0.263528 0.1284758 -0.1336968 1

0.9915057 0.06112226 -0.1148064 0
0.06558454 -0.9972156 0.03549705 0
-0.1123171 -0.04272507 -0.9927535 0
0.2543647 0.02439106 -0.2704896 1

0.5784471 -0.2266645 -0.7835957 0
0.3196903 0.9467651 -0.03786911 0
0.7504646 -0.2286026 0.6201159 0
-0.09725885 0.8276479 0.1405202 1

0.5784442 -0.2266726 -0.7835954 0
-0.2197818 0.8817837 -0.417317 0
0.7855558 0.4136147 0.4602442 0
-0.2380356 0.4107366 0.1571961 1

0.44416 -0.1027154 -0.89004 0
0.05997552 0.994587 -0.08485086 0
0.8939378 -0.0156932 0.4479162 0
-0.1679337 0.129481 0.2903046 1

0.4349504 -0.1035945 -0.8944755 0
-0.03869717 0.9902918 -0.1335085 0
0.8996226 0.0926833 0.426719 0
-0.296669 0.02800506 0.2377717 1

0.7830598 -0.00823935 -0.6218917 0
-0.008054886 0.999694 -0.02338717 0
0.6218941 0.02332282 0.7827539 0
0.005992334 0.9956222 0.05800995 1

0.8100753 -0.03037758 -0.5855381 0
-0.0504052 0.9913517 -0.1211652 0
0.5841551 0.1276671 0.8015385 0
0.004602619 1.168098 0.05397495 1

0.7189869 -0.09026964 -0.6891364 0
-0.3249641 0.8328132 -0.44813 0
0.6143746 0.5461443 0.5694476 0
0.00151726 1.35548 0.03998514 1

-0.3280869 0.7567529 -0.5654062 0
0.4621308 -0.3934451 -0.7947553 0
-0.8238896 -0.5220406 -0.2206348 0
0.02147452 1.435207 -0.0414811 1

-0.4944091 0.1813594 -0.8500993 0
-0.2357719 -0.969308 -0.06966892 0
-0.8366429 0.1659846 0.521994 0
0.1249453 1.347114 -0.2194263 1

-0.5117599 0.1377876 -0.8480074 0
-0.8063986 -0.4175161 0.4188099 0
-0.2963499 0.8981621 0.3247796 0
0.05445766 1.057326 -0.2402554 1

0.4169117 -0.8415306 0.3435271 0
-0.8714823 -0.4774683 -0.1119938 0
0.2582693 -0.2526865 -0.9324413 0
-0.1480887 0.9524568 -0.1350612 1

-0.2592466 0.9116576 -0.3188608 0
0.2582693 -0.2526865 -0.9324413 0
-0.9306387 -0.3240842 -0.1699452 0
-0.1793235 0.9278184 -0.1852965 1

-0.8505564 -0.5134406 0.1137225 0
-0.509667 0.7515327 -0.4188541 0
0.1295903 -0.4142195 -0.9009043 0
-0.2506392 0.8740962 -0.2161312 1

-0.9631417 0.1659366 -0.2117146 0
0.2377541 0.8932831 -0.381469 0
0.1258213 -0.4177448 -0.8998102 0
-0.2786537 0.915405 -0.2391539 1

-0.7686563 -0.631287 0.1031733 0
-0.5987074 0.6532359 -0.4635006 0
0.2252052 -0.4180431 -0.8800697 0
-0.2630189 0.8831236 -0.1740319 1

-0.9287727 0.1809948 -0.323454 0
0.2955911 0.8881959 -0.351759 0
0.2236237 -0.4223143 -0.8784323 0
-0.2963583 0.9208955 -0.2005475 1

-0.7817597 -0.6070796 0.1425019 0
-0.5829975 0.630449 -0.5124925 0
0.2212832 -0.4837241 -0.8467851 0
-0.2754583 0.8980482 -0.1357185 1

-0.9246917 0.1717708 -0.3397658 0
0.3098057 0.8581995 -0.4092853 0
0.2212832 -0.4837241 -0.8467851 0
-0.3069781 0.9321334 -0.1634264 1

-0.8523465 -0.5225455 -0.0212597 0
-0.3744909 0.6382145 -0.6726362 0
0.3650509 -0.5653576 -0.7396679 0
-0.2849175 0.9119117 -0.1042602 1

-0.926288 -0.1267958 -0.3548433 0
0.1089138 0.8114042 -0.5742484 0
0.3607333 -0.5705667 -0.737784 0
-0.3028439 0.9440435 -0.1377022 1

0.6871576 -0.4197434 -0.592984 0
-0.6179717 -0.7668655 -0.1732887 0
-0.3820021 0.4855238 -0.7863467 0
-0.1941438 0.9280613 -0.2292849 1

-0.02006248 -0.830408 -0.5567949 0
-0.9902333 0.09335533 -0.1035507 0
0.137969 0.5492792 -0.8241706 0
-0.2297471 0.8816724 -0.2406315 1

0.1113738 -0.8027491 -0.5858243 0
-0.8063986 -0.4175161 0.4188099 0
-0.5807902 0.4257634 -0.693836 0
-0.03798637 1.009463 -0.1922439 1

-0.4059361 0.1714716 -0.8976712 0
-0.2407594 -0.9676083 -0.07595714 0
-0.8816183 0.185289 0.4340703 0
0.1249453 1.347114 -0.2194263 1

-0.5508279 0.192355 -0.8121503 0
-0.2357719 -0.969308 -0.06966892 0
-0.8006248 0.1531067 0.5792738 0
0.08014863 1.162946 -0.2326634 1

-0.09026045 0.1934776 -0.9769439 0
0.5526549 -0.8063239 -0.2107475 0
-0.8285081 -0.558935 -0.03414747 0
0.1202272 1.362478 -0.3083556 1

0.8956583 0.2797928 -0.3457054 0
-0.4435989 0.6177375 -0.6493232 0
0.03187931 0.7349263 0.6773973 0
-0.05804534 1.505157 -0.04176352 1

0.9931047 0.1067704 0.04840606 0
-0.08460264 0.9385796 -0.334531 0
-0.08115083 0.328129 0.9411408 0
-0.1118266 1.58005 -0.1204864 1

0.9931047 0.1067704 0.04840606 0
-0.08460264 0.9385796 -0.334531 0
-0.08115083 0.328129 0.9411408 0
-0.1068021 1.592453 -0.2509274 1

0.9678335 -0.1996715 0.1530681 0
-0.2470503 -0.8693171 0.4280822 0
0.04758877 -0.4521278 -0.8906831 0
-0.05608846 1.596545 -0.2238566 1

0.9396905 0.3399641 -0.03750274 0
-0.3215874 0.8408723 -0.4353337 0
-0.1164627 0.4211392 0.8994876 0
-0.1607579 1.583519 -0.227368 1

0.9931046 0.1067704 0.04840603 0
0.08460264 -0.9385796 0.334531 0
0.08115065 -0.3281291 -0.9411408 0
-0.07317103 1.614601 -0.2222859 1

0.9931047 0.1067704 0.04840606 0
-0.08460264 0.9385796 -0.334531 0
-0.08115083 0.328129 0.9411408 0
-0.1469591 1.606667 -0.2258822 1

0.9699495 0.2319822 -0.07336599 0
0.243026 -0.9092413 0.3379625 0
0.0116936 -0.3456364 -0.9382958 0
-0.08997439 1.606546 -0.2613402 1

0.9762701 0.2163796 0.008739173 0
-0.2007762 0.9195169 -0.337902 0
-0.08115083 0.328129 0.9411408 0
-0.121677 1.6045 -0.2644816 1

0.9700771 0.1350751 0.2017555 0
0.1097387 -0.9851667 0.1319246 0
0.2165823 -0.1058367 -0.9705107 0
-0.04343711 1.633227 -0.2458851 1

0.9949791 0.08781483 -0.0480105 0
-0.09595534 0.9733565 -0.2082539 0
0.0284436 0.2118151 0.9768959 0
-0.1776077 1.619644 -0.2538387 1

0.9772059 0.2120419 0.01033223 0
0.1959968 -0.9198222 0.3398711 0
0.08157074 -0.3300991 -0.9404154 0
-0.07318442 1.614803 -0.2224584 1

0.996307 0.0001340081 0.08586106 0
0.03128904 0.9306686 -0.3645231 0
-0.07995689 0.3658634 0.9272274 0
-0.1469565 1.606656 -0.2259119 1

0.982498 0.1728926 0.06932384 0
-0.1425718 0.9374886 -0.3174719 0
-0.1198787 0.3020318 0.9457303 0
-0.110195 1.583321 -0.1611747 1

0.9128858 0.4027573 0.0665299 0
0.3836772 -0.9021934 0.1970769 0
0.1393968 -0.1543827 -0.9781281 0
-0.07014806 1.529012 -0.2458818 1

0.9821894 0.1749066 0.06864163 0
-0.1583422 0.967173 -0.1987564 0
-0.1011521 0.1843475 0.9776422 0
-0.09666995 1.540293 -0.2578905 1

0.9969436 -0.07807466 0.00281921 0
0.0774636 0.9831671 -0.1654758 0
0.01014802 0.1651883 0.9862099 0
-0.1239313 1.521654 -0.2469988 1

0.993037 0.01682268 0.1165959 0
-0.03135453 -0.9163052 0.3992515 0
0.1135539 -0.4001273 -0.9093976 0
-0.04940436 1.540353 -0.2155462 1

0.9528801 0.3006075 -0.04067996 0
-0.2903619 0.8650336 -0.4091537 0
-0.08780509 0.4016863 0.9115582 0
-0.1574878 1.52435 -0.217419 1

0.9808012 0.148235 0.1267104 0
0.06365725 -0.8575361 0.51047 0
0.1843283 -0.4926035 -0.8505086 0
-0.07521202 1.551939 -0.2417098 1

0.9901401 0.1347053 0.0384343 0
-0.09667918 0.855685 -0.5083861 0
-0.1013699 0.4996577 0.8602712 0
-0.1008687 1.550756 -0.2488883 1

0.9879726 0.1444557 -0.05516064 0
-0.1508874 0.8226341 -0.5481847 0
-0.03381124 0.5499145 0.8345363 0
-0.1286158 1.546926 -0.2433065 1

0.99307 0.1071549 0.04826903 0
0.0736375 -0.8874208 0.4550407 0
0.09159476 -0.4483327 -0.8891613 0
-0.08624795 1.577205 -0.2461074 1

0.99307 0.1071549 0.04826903 0
-0.07363753 0.8874208 -0.4550406 0
-0.09159473 0.4483327 0.8891616 0
-0.1033693 1.56527 -0.2613925 1

0.99307 0.1071549 0.04826903 0
-0.07363753 0.8874208 -0.4550406 0
-0.09159473 0.4483327 0.8891616 0
-0.1240678 1.572937 -0.2478804 1

0.9931047 0.1067704 0.04840606 0
-0.08463629 0.9387153 -0.3341413 0
-0.08111584 0.3277403 0.9412793 0
-0.1179279 1.665333 -0.1834267 1

0.4045168 -0.8216333 0.4016032 0
0.4104029 -0.2293447 -0.882593 0
0.8172733 0.5218428 0.2444269 0
-0.07826909 1.455004 0.014476 1

0.8353635 -0.450016 0.3156798 0
0.5491574 0.7086696 -0.44296 0
-0.02437347 0.5433905 0.8391263 0
-0.1701607 1.506361 0.2120817 1

0.8733203 -0.3885246 0.2938717 0
-0.0225423 0.5703736 0.8210762 0
-0.4866247 -0.723687 0.4893605 0
-0.3343397 1.29449 0.3445132 1

0.9997588 -0.008078979 0.02041894 0
-0.007367879 0.7525441 0.6585008 0
-0.02068615 -0.6584924 0.7523032 0
-0.3286785 1.151227 0.1382805 1

-0.983291 -0.1227218 -0.1344561 0
-0.02068615 -0.6584924 0.7523032 0
-0.1808623 0.7425143 0.644951 0
-0.2763136 1.085356 0.03191224 1

0.976512 0.1449787 0.1593914 0
-0.2152786 0.6871163 0.6939212 0
-0.008916587 -0.7119359 0.7021881 0
-0.3215915 1.09432 -0.002931517 1

0.5194951 0.6002692 0.6081136 0
-0.8531346 0.3245479 0.4084484 0
0.04781711 -0.7309896 0.6807114 0
-0.3097581 1.056552 -0.04107366 1

0.155984 0.7889521 0.5943269 0
-0.9858313 0.08676662 0.1435559 0
0.06169105 -0.6082982 0.7913076 0
-0.3242082 1.06355 0.02952563 1

-0.9700722 0.1481531 0.1923826 0
-0.233986 -0.7820908 -0.5775681 0
0.06489226 -0.6052974 0.7933502 0
-0.2679431 1.059386 0.02189155 1

-0.003724277 0.7615613 0.6480826 0
-0.9937785 -0.07496075 0.08237532 0
0.1113144 -0.6437438 0.7571023 0
-0.3205123 1.035823 0.06212923 1

-0.9544767 0.1508298 0.257342 0
-0.2641475 -0.8281767 -0.4943177 0
0.1385668 -0.5397909 0.8303167 0
-0.2667836 1.039876 0.05767505 1

0.03708997 0.7631058 0.6452087 0
-0.968945 -0.1304947 0.2100396 0
0.2444787 -0.632962 0.7345676 0
-0.3164543 1.013982 0.09001777 1

-0.9488646 0.05406781 0.3110186 0
-0.1727804 -0.9135036 -0.3683189 0
0.2642024 -0.4032225 0.876133 0
-0.2682607 1.021097 0.08007255 1

0.2070907 -0.9783155 -0.003579989 0
-0.9274681 -0.1974892 0.317492 0
-0.3113144 -0.06242935 -0.9482543 0
-0.302082 1.158546 0.04127093 1

-0.9391723 -0.3296295 -0.09643802 0
-0.3355927 0.8210655 0.4617674 0
-0.07303026 0.466043 -0.881743 0
-0.2531859 1.169907 0.02175977 1

0.9674303 -0.1946795 0.1617979 0
-0.0225423 0.5703736 0.8210762 0
-0.252132 -0.7979811 0.5474081 0
-0.3317541 1.229099 0.2503844 1

0.787437 -0.6125833 -0.06844527 0
0.5241321 0.723869 -0.4486642 0
0.3243896 0.3174204 0.8910757 0
-0.1701609 1.506361 0.2120818 1

0.8354848 -0.4780883 0.2709186 0
0.5491574 0.7086696 -0.44296 0
0.01978227 0.5188632 0.8546286 0
-0.274499 1.371712 0.2962446 1

0.7193297 -0.6509408 -0.2425711 0
0.0416708 0.3889947 -0.9202973 0
0.6934179 0.6518888 0.3069407 0
-0.2304983 1.56259 0.2343177 1

0.9949023 -0.100844 -1.132488E-06 0
0.100844 0.9949023 2.298504E-06 0
9.23872E-07 -2.400251E-06 1 0
-0.155646 0.9028378 0.1207879 1

1 0 0 0
0 1 0 0
0 0 1 0
0 0 0 1

1 0 0 0
0 1 0 0
0 0 1 0
0 0 0 1

0.7749532 0.01410251 -0.6318613 0
-0.03580584 0.999125 -0.021615 0
0.6310036 0.03937493 0.7747801 0
0.003293046 0.8596214 0.06401711 1

0.9409763 0.1677527 0.2939774 0
0.2748664 -0.8855594 -0.374477 0
0.1975149 0.4331785 -0.8794 0
0.1037114 0.8302299 -0.02321607 1

0.9409763 0.1677527 0.2939774 0
0.1209517 -0.9778464 0.1708421 0
0.316124 -0.1252012 -0.9404203 0
0.22475 0.4402701 -0.1881186 1

0.9918124 0.0633707 -0.1108715 0
0.06296282 -0.99799 -0.007179756 0
-0.1111037 0.0001401813 -0.9938089 0
0.2633289 0.1283745 -0.1336265 1

0.992165 0.05953814 -0.1098365 0
0.0642684 -0.997129 0.04003822 0
-0.1071375 -0.04678347 -0.993143 0
0.2546657 0.02441293 -0.2705455 1

0.5826733 -0.2184036 -0.7828102 0
0.3190679 0.9473524 -0.02681722 0
0.747454 -0.2341439 0.6216826 0
-0.1016887 0.8264916 0.1442576 1

0.5826706 -0.218412 -0.78281 0
-0.2316027 0.8786467 -0.4175407 0
0.7790092 0.4245895 0.4613766 0
-0.2421913 0.4093217 0.1560667 1

0.4438882 -0.1032055 -0.8901191 0
0.06038405 0.9945325 -0.08519916 0
0.8940454 -0.01593012 0.4476932 0
-0.1683191 0.1290665 0.2892466 1

0.4345543 -0.1043669 -0.8945782 0
-0.03810131 0.9902437 -0.1340361 0
0.8998394 0.09233057 0.4263381 0
-0.2971117 0.02762884 0.2367806 1

0.7852455 -0.005129485 -0.6191634 0
-0.01369337 0.9995773 -0.02564747 0
0.6190332 0.02861799 0.7848433 0
0.0003451947 0.9960283 0.06344615 1

0.8139055 -0.02676037 -0.5803806 0
-0.05683426 0.9904805 -0.1253718 0
0.5782108 0.1350263 0.8046367 0
-0.002017331 1.168485 0.05902117 1

0.7261106 -0.08740895 -0.6819993 0
-0.3282059 0.8275295 -0.4554949 0
0.604189 0.5545759 0.5721899 0
-0.006373689 1.355783 0.04427594 1

-0.325295 0.7514339 -0.5740473 0
0.4746732 -0.3952805 -0.7864088 0
-0.817844 -0.5282997 -0.2281029 0
0.01362601 1.43526 -0.03742287 1

-0.4878503 0.1938039 -0.8511418 0
-0.2348342 -0.9682357 -0.08586589 0
-0.8407471 0.1579875 0.5178657 0
0.119905 1.346757 -0.2134993 1

-0.5050819 0.1505799 -0.8498343 0
-0.8071558 -0.4310677 0.4033367 0
-0.3056016 0.8896667 0.3392659 0
0.04969772 1.05729 -0.2391706 1

0.4253763 -0.8398529 0.3371983 0
-0.8668104 -0.4851983 -0.1149908 0
0.2601833 -0.2433729 -0.9343847 0
-0.1530388 0.9490166 -0.1378629 1

-0.2683939 0.9113475 -0.3121076 0
0.2601833 -0.2433729 -0.9343847 0
-0.9275074 -0.3319881 -0.1717978 0
-0.1840599 0.9244364 -0.188259 1

-0.8453959 -0.5225968 0.1104477 0
-0.517287 0.7494941 -0.4131266 0
0.1331186 -0.4063887 -0.9039514 0
-0.2548622 0.8702395 -0.2194446 1

-0.9648548 0.1579787 -0.2099973 0
0.2287259 0.8983192 -0.3751101 0
0.1293851 -0.4099587 -0.902881 0
-0.2832953 0.9114363 -0.2421524 1

-0.7623468 -0.6395521 0.09900141 0
-0.6053829 0.6506518 -0.4584371 0
0.2287788 -0.409422 -0.8831957 0
-0.2673047 0.8788396 -0.1772743 1

-0.9307023 0.1741834 -0.3216427 0
0.2866278 0.8935863 -0.3454684 0
0.2272406 -0.4137202 -0.8815885 0
-0.3010301 0.9164726 -0.2034978 1

-0.7756641 -0.6157602 0.1385113 0
-0.5894789 0.6283759 -0.5076013 0
0.2255234 -0.4753776 -0.8503859 0
-0.2798674 0.8933632 -0.1388472 1

-0.9265405 0.1651182 -0.3380229 0
0.3011025 0.8641487 -0.4032183 0
0.2255234 -0.4753776 -0.8503859 0
-0.3117377 0.9273363 -0.1662908 1

-0.8471775 -0.530741 -0.0245958 0
-0.3811548 0.6393526 -0.6677947 0
0.3701514 -0.5563658 -0.7439393 0
-0.2894436 0.9069048 -0.1072841 1

-0.9252087 -0.1333327 -0.3552632 0
0.1005818 0.8165745 -0.5684099 0
0.3658863 -0.5616308 -0.7420908 0
-0.3077054 0.9390999 -0.140483 1

0.6908979 -0.4086548 -0.596374 0
-0.6105015 -0.7716352 -0.1785157 0
-0.3872319 0.4874231 -0.7826052 0
-0.1989081 0.9248521 -0.2322366 1

-0.01222622 -0.8265113 -0.5627884 0
-0.9911661 0.08435282 -0.1023479 0
0.1320642 0.5565651 -0.8202408 0
-0.2340603 0.8781983 -0.2439003 1

0.1242573 -0.7919804 -0.5977687 0
-0.8071558 -0.4310677 0.4033367 0
-0.5771137 0.4323749 -0.6928147 0
-0.04283308 1.007873 -0.192933 1

-0.4056691 0.1859744 -0.8949003 0
-0.2398203 -0.9664363 -0.09212748 0
-0.8819975 0.177242 0.4366536 0
0.119905 1.346757 -0.2134993 1

-0.5457985 0.2044399 -0.8125938 0
-0.2348342 -0.9682357 -0.08586589 0
-0.8043366 0.1439594 0.5764707 0
0.07528657 1.162792 -0.2298138 1

-0.07882434 0.1872121 -0.9791518 0
0.5601341 -0.804182 -0.1988505 0
-0.8246435 -0.5641305 -0.04147497 0
0.1161071 1.361722 -0.3019525 1

0.8961862 0.2902982 -0.3355257 0
-0.4434698 0.6092838 -0.6573491 0
0.01360303 0.7379025 0.6747702 0
-0.06650764 1.504493 -0.038807 1

0.9909683 0.120839 0.05813453 0
-0.09448511 0.9368469 -0.336735 0
-0.09515387 0.3282009 0.9398031 0
-0.1202732 1.578362 -0.1185029 1

0.9909683 0.120839 0.05813453 0
-0.09448511 0.9368469 -0.336735 0
-0.09515387 0.3282009 0.9398031 0
-0.1141231 1.590661 -0.2489055 1

0.9689771 -0.1857897 0.1629897 0
-0.239028 -0.8721475 0.4268777 0
0.06284177 -0.4525939 -0.8895001 0
-0.06374471 1.595504 -0.2213372 1

0.9351314 0.3531413 -0.0286442 0
-0.3290514 0.8356711 -0.4397486 0
-0.1313562 0.4206481 0.897664 0
-0.1681798 1.580997 -0.2258714 1

0.9909685 0.120839 0.0581345 0
0.09448511 -0.9368469 0.336735 0
0.09515381 -0.328201 -0.9398032 0
-0.08109502 1.613319 -0.2199631 1

0.9909683 0.120839 0.05813453 0
-0.09448511 0.9368469 -0.336735 0
-0.09515387 0.3282009 0.9398031 0
-0.1547243 1.60434 -0.2242822 1

0.967266 0.2455496 -0.06404597 0
0.2524369 -0.9052714 0.3417006 0
0.02592549 -0.3466829 -0.9376242 0
-0.09739259 1.604976 -0.2591709 1

0.9729869 0.230147 0.01814115 0
-0.210339 0.9161422 -0.3412345 0
-0.09515387 0.3282009 0.9398031 0
-0.1290302 1.602479 -0.2626247 1

0.9660153 0.1490195 0.2112052 0
0.1222955 -0.9833439 0.1344576 0
0.2277242 -0.1040587 -0.9681498 0
-0.0513927 1.632332 -0.2432925 1

0.9940717 0.1017837 -0.03823063 0
-0.1075861 0.971628 -0.2106283 0
0.0157074 0.2134928 0.9768186 0
-0.1852724 1.616846 -0.2525615 1

0.9739677 0.2258249 0.01974979 0
0.2055449 -0.9165123 0.3431564 0
0.09559423 -0.330164 -0.9390708 0
-0.08110949 1.613521 -0.2201361 1

0.9953001 0.01430831 0.0957762 0
0.02180001 0.9305324 -0.3655602 0
-0.09435338 0.36593 0.9258472 0
-0.1547213 1.60433 -0.2243119 1

0.9792224 0.1868327 0.07884845 0
-0.1526004 0.9349607 -0.3202523 0
-0.133554 0.3015659 0.9440452 0
-0.1182821 1.581601 -0.1591777 1

0.9064077 0.4156881 0.07502389 0
0.3943733 -0.8964263 0.202212 0
0.1513105 -0.1536992 -0.976464 0
-0.07663036 1.527751 -0.243402 1

0.9788923 0.1888412 0.07816023 0
-0.1699713 0.9645773 -0.2017435 0
-0.113489 0.1842001 0.9763148 0
-0.1031875 1.53864 -0.2556908 1

0.9978674 -0.06399378 0.01285967 0
0.06524187 0.9839414 -0.1661403 0
-0.002021223 0.166625 0.9860183 0
-0.1302908 1.519633 -0.2450436 1

0.9914885 0.03098999 0.1264523 0
-0.02241446 -0.9161254 0.400265 0
0.1282503 -0.3996926 -0.9076333 0
-0.05635231 1.539424 -0.2128781 1

0.9489056 0.3139706 -0.03163216 0
-0.2984324 0.8603057 -0.4132945 0
-0.102549 0.4016176 0.9100478 0
-0.1641754 1.521894 -0.2158034 1

0.9773009 0.1622299 0.1362516 0
0.07064502 -0.8558736 0.5123375 0
0.1997305 -0.4910825 -0.8479068 0
-0.08205844 1.550609 -0.2393143 1

0.9877097 0.148716 0.04809272 0
-0.1036567 0.8535594 -0.5105798 0
-0.1169814 0.4993196 0.8584844 0
-0.1076231 1.549055 -0.2467462 1

0.986339 0.1583105 -0.04553354 0
-0.1569938 0.8196939 -0.5508676 0
-0.04988465 0.5504906 0.8333497 0
-0.1353677 1.544842 -0.2414353 1

0.9909296 0.1212228 0.05799651 0
0.08159816 -0.8856879 0.4570543 0
0.1067722 -0.4481762 -0.887546 0
-0.09340508 1.575711 -0.2438587 1

0.9909296 0.1212228 0.05799651 0
-0.08159821 0.885688 -0.4570543 0
-0.1067723 0.4481761 0.8875461 0
-0.1102032 1.563515 -0.259296 1

0.9909296 0.1212228 0.05799651 0
-0.08159821 0.885688 -0.4570543 0
-0.1067723 0.4481761 0.8875461 0
-0.1311414 1.570907 -0.2460019 1

0.9909683 0.120839 0.05813453 0
-0.0945245 0.9369827 -0.3363459 0
-0.09511483 0.3278129 0.9399425 0
-0.126948 1.663467 -0.181626 1

0.4133819 -0.816603 0.4028339 0
0.4168012 -0.2236364 -0.8810583 0
0.809563 0.5321152 0.2479138 0
-0.08680367 1.454454 0.01750792 1

0.837417 -0.4434302 0.3195346 0
0.5452058 0.7189072 -0.431188 0
-0.03851396 0.5352963 0.8437859 0
-0.1801279 1.504533 0.21477 1

0.8748747 -0.381314 0.2986537 0
-0.03030726 0.5723016 0.8194835 0
-0.4834003 -0.7259965 0.4891354 0
-0.3431255 1.289601 0.343682 1

0.9997427 -0.002664242 0.02253115 0
-0.01288396 0.7507527 0.6604578 0
-0.01867491 -0.6605781 0.7505251 0
-0.335514 1.145854 0.1378495 1

-0.9823171 -0.127743 -0.1368762 0
-0.01867491 -0.6605781 0.7505251 0
-0.1862917 0.7398098 0.6465116 0
-0.2825638 1.080552 0.03142051 1

0.9753636 0.1498969 0.1618552 0
-0.2205081 0.6840952 0.6952626 0
-0.00650686 -0.713824 0.700295 0
-0.3278162 1.08936 -0.003496103 1

0.5149104 0.6014954 0.6107956 0
-0.8557628 0.3187979 0.407478 0
0.05037582 -0.7325103 0.6788895 0
-0.3156953 1.051758 -0.04171193 1

0.1504016 0.7882226 0.5967285 0
-0.9865937 0.08099401 0.1416793 0
0.06334326 -0.6100372 0.789837 0
-0.3303331 1.058491 0.02887449 1

-0.9712743 0.1423368 0.1907007 0
-0.2284754 -0.7818326 -0.5801184 0
0.06652367 -0.6070244 0.7918942 0
-0.27403 1.054655 0.02134953 1

-0.009267777 0.7598174 0.6500713 0
-0.9935254 -0.08061252 0.08005723 0
0.1132324 -0.6451201 0.7556446 0
-0.3265546 1.030698 0.06141288 1

-0.9558318 0.1449275 0.2556998 0
-0.2585606 -0.8283024 -0.497054 0
0.13976 -0.5412134 0.8291898 0
-0.2728395 1.035057 0.05708409 1

0.03154343 0.7615924 0.6472884 0
-0.9686592 -0.1363463 0.2076279 0
0.2463831 -0.633551 0.7334225 0
-0.3224362 1.008806 0.08925264 1

-0.9498038 0.04805631 0.309134 0
-0.1669949 -0.9134601 -0.3710847 0
0.2645485 -0.4040812 0.8756328 0
-0.2742612 1.016211 0.07942893 1

0.2124513 -0.9771552 -0.005707666 0
-0.9270439 -0.2033961 0.3149923 0
-0.3089572 -0.06162945 -0.9490774 0
-0.3087524 1.153575 0.04091633 1

-0.9371467 -0.334506 -0.09930727 0
-0.3410613 0.8179969 0.4632055 0
-0.07371169 0.467961 -0.8806696 0
-0.2598779 1.165255 0.02153954 1

0.9683737 -0.1863259 0.1659379 0
-0.03030726 0.5723016 0.8194835 0
-0.2476575 -0.798595 0.5485545 0
-0.3396497 1.22399 0.2497359 1

0.7985169 -0.5993605 -0.0560194 0
0.5200388 0.7337102 -0.4372972 0
0.3032006 0.320057 0.8975708 0
-0.1801281 1.504533 0.21477 1

0.8383024 -0.4675012 0.2805209 0
0.5452058 0.7189072 -0.431188 0
-8.755922E-05 0.5144075 0.8575461 0
-0.2837154 1.36794 0.2966962 1

0.7285443 -0.6415768 -0.2400052 0
0.04035261 0.389962 -0.9199464 0
0.6838092 0.6605369 0.3099939 0
-0.2411848 1.55993 0.2367093 1

0.9947059 -0.1027633 -2.536178E-05 0
0.1027633 0.9947059 1.342967E-05 0
2.378225E-05 -1.59638E-05 1 0
-0.160661 0.9013492 0.1250081 1

1 0 0 0
0 1 0 0
0 0 1 0
0 0 0 1

1 0 0 0
0 1 0 0
0 0 1 0
0 0 0 1

0.7757694 0.02485709 -0.6305268 0
-0.04334608 0.9989628 -0.01394906 0
0.6295261 0.03815212 0.7760421 0
-0.0008190587 0.8601186 0.07007649 1

0.9394755 0.1688027 0.298147 0
0.2763254 -0.8877873 -0.3680738 0
0.2025592 0.4281819 -0.8806987 0
0.0999497 0.832164 -0.01722486 1

0.9394755 0.1688027 0.298147 0
0.1301884 -0.9808173 0.1450817 0
0.3169179 -0.09748542 -0.9434299 0
0.2216307 0.4412232 -0.1793077 1

0.9921136 0.06355062 -0.1080374 0
0.06310596 -0.9979784 -0.007533042 0
-0.1082977 0.000655842 -0.9941185 0
0.2631559 0.1283799 -0.1330322 1

0.9928621 0.05711632 -0.1047033 0
0.06223792 -0.9969862 0.04631675 0
-0.1017422 -0.05250257 -0.9934245 0
0.254892 0.02449024 -0.2700304 1

0.5876745 -0.2088182 -0.7816864 0
0.3192368 0.947584 -0.01313251 0
0.7434559 -0.2418254 0.6235334 0
-0.1056667 0.8255752 0.1498951 1

0.5876716 -0.2088268 -0.7816864 0
-0.2423308 0.8763402 -0.4162977 0
0.7719573 0.434073 0.464395 0
-0.2462437 0.4083033 0.1556781 1

0.4436255 -0.1036722 -0.8901958 0
0.06152449 0.9944665 -0.08515505 0
0.894098 -0.01699193 0.447549 0
-0.1689496 0.1287838 0.2884616 1

0.4342475 -0.1048105 -0.8946754 0
-0.0359262 0.9904026 -0.1334623 0
0.900077 0.0900979 0.4263144 0
-0.2978682 0.02749854 0.2360107 1

0.7868319 -0.003291177 -0.6171587 0
-0.01931205 0.9993648 -0.02995084 0
0.6168652 0.03548487 0.7862685 0
-0.004799978 0.9964996 0.07055507 1

0.8169752 -0.0250598 -0.5761282 0
-0.06256145 0.9893072 -0.1317467 0
0.5732692 0.1436772 0.8066717 0
-0.008131888 1.168919 0.06538763 1

0.7324079 -0.08736261 -0.6752382 0
-0.330313 0.821619 -0.4645807 0
0.5953756 0.5633026 0.5729033 0
-0.01361663 1.356092 0.04946858 1

-0.3214636 0.7451958 -0.5842469 0
0.4854292 -0.4000675 -0.7773705 0
-0.8130314 -0.5335068 -0.2331326 0
0.006495527 1.435084 -0.03267164 1

-0.4871293 0.204219 -0.849117 0
-0.2358329 -0.966915 -0.09725573 0
-0.8408854 0.1528737 0.519174 0
0.1151828 1.34551 -0.2067244 1

-0.5041872 0.1615764 -0.8483446 0
-0.8041728 -0.4459323 0.3930022 0
-0.3148046 0.8803622 0.3547687 0
0.04467696 1.056437 -0.2358008 1

0.4315275 -0.8376319 0.3348992 0
-0.8631368 -0.49131 -0.1166613 0
0.2622585 -0.2387215 -0.9350043 0
-0.1573104 0.94443 -0.1370889 1

-0.2750895 0.9102215 -0.3095533 0
0.2622585 -0.2387215 -0.9350043 0
-0.9249579 -0.3383926 -0.1730435 0
-0.1881329 0.9197654 -0.1875654 1

-0.841509 -0.5292003 0.1086749 0
-0.5227403 0.7468108 -0.4111167 0
0.1364035 -0.4027671 -0.9050819 0
-0.2585203 0.8651329 -0.2189294 1

-0.965945 0.1513907 -0.2098374 0
0.2221318 0.9010808 -0.3724397 0
0.1326965 -0.406368 -0.904023 0
-0.2872532 0.9061821 -0.2415268 1

-0.7575871 -0.6454996 0.09691584 0
-0.6100839 0.6474462 -0.4567401 0
0.2320778 -0.4051475 -0.8843054 0
-0.2710387 0.8735177 -0.1767384 1

-0.9318824 0.1681726 -0.321425 0
0.2800587 0.8966939 -0.342794 0
0.2305712 -0.4094616 -0.8827111 0
-0.3050361 0.9109742 -0.2028634 1

-0.7710928 -0.6219221 0.1364903 0
-0.5940002 0.625432 -0.5059637 0
0.2293046 -0.4712203 -0.8516874 0
-0.2837205 0.887836 -0.1382734 1

-0.9276484 0.1591862 -0.3378299 0
0.294769 0.8675321 -0.4006242 0
0.2293046 -0.4712203 -0.8516874 0
-0.315835 0.92165 -0.1656283 1

-0.8431909 -0.5369666 -0.02639237 0
-0.3857177 0.6384244 -0.6660603 0
0.3745018 -0.5514361 -0.7454309 0
-0.2934063 0.9012144 -0.1066742 1

-0.9240872 -0.1391953 -0.3559328 0
0.09465575 0.8189431 -0.5660146 0
0.3702756 -0.5567381 -0.743599 0
-0.311898 0.9333686 -0.1397854 1

0.6940959 -0.4017667 -0.5973401 0
-0.6046818 -0.7756435 -0.1809351 0
-0.3906292 0.4867869 -0.7813115 0
-0.2029712 0.9201976 -0.2315462 1

-0.00590378 -0.8249469 -0.5651802 0
-0.9917377 0.07725956 -0.1024095 0
0.1281479 0.5599058 -0.8185866 0
-0.2377713 0.8733172 -0.2433558 1

0.1364995 -0.7820566 -0.6080756 0
-0.8041728 -0.4459323 0.3930022 0
-0.5785106 0.4353532 -0.6897779 0
-0.04751195 1.005316 -0.190748 1

-0.4002091 0.1958915 -0.8952426 0
-0.2407799 -0.9650428 -0.1035268 0
-0.8842274 0.1741241 0.4333855 0
0.1151828 1.345509 -0.2067244 1

-0.5431456 0.2141354 -0.8118737 0
-0.2358329 -0.966915 -0.09725573 0
-0.8058388 0.1386426 0.5756758 0
0.07037456 1.161796 -0.2252029 1

-0.06804055 0.1785319 -0.9815786 0
0.5655771 -0.8035938 -0.1853642 0
-0.8218842 -0.5677708 -0.04629657 0
0.1122195 1.359865 -0.2947056 1

0.8967062 0.2986167 -0.3267203 0
-0.4426163 0.5999601 -0.6664375 0
-0.002990216 0.7422103 0.6701604 0
-0.07411887 1.503722 -0.03525662 1

0.9890192 0.131632 0.06719062 0
-0.1012755 0.9347604 -0.3405382 0
-0.1076328 0.329994 0.937827 0
-0.127781 1.57646 -0.1160544 1

0.9890192 0.131632 0.06719062 0
-0.1012755 0.9347604 -0.3405382 0
-0.1076328 0.329994 0.937827 0
-0.1205171 1.588432 -0.2464302 1

0.9693067 -0.1748974 0.172787 0
-0.2337565 -0.8733694 0.4272991 0
0.07617334 -0.454574 -0.8874462 0
-0.07045902 1.593897 -0.2183987 1

0.931533 0.3630596 -0.02083954 0
-0.3337516 0.8307653 -0.4454646 0
-0.1444174 0.4219202 0.8950571 0
-0.1746849 1.578259 -0.2238818 1

0.989019 0.131632 0.0671905 0
0.1012755 -0.9347604 0.3405382 0
0.1076328 -0.3299939 -0.9378269 0
-0.08801115 1.61153 -0.2172455 1

0.9890192 0.131632 0.06719062 0
-0.1012755 0.9347604 -0.3405382 0
-0.1076328 0.329994 0.937827 0
-0.1614956 1.601748 -0.2222374 1

0.965153 0.2557124 -0.05559817 0
0.258826 -0.9014784 0.346909 0
0.03858835 -0.3492106 -0.9362494 0
-0.1038432 1.602894 -0.2565804 1

0.9702526 0.2406199 0.02668723 0
-0.216853 0.9128012 -0.346076 0
-0.1076328 0.329994 0.937827 0
-0.135418 1.600048 -0.2603275 1

0.9623046 0.1600047 0.2199283 0
0.1315128 -0.9815662 0.1386806 0
0.2380637 -0.1045296 -0.9656084 0
-0.05829228 1.630789 -0.2403501 1

0.9932466 0.1123206 -0.02908078 0
-0.115952 0.9697791 -0.214671 0
0.004089922 0.2165932 0.9762534 0
-0.1919041 1.613842 -0.2508451 1

0.9712642 0.2363133 0.02831861 0
0.2120451 -0.9132171 0.3479534 0
0.1080872 -0.3319499 -0.9370841 0
-0.08802614 1.611731 -0.2174191 1

0.9941297 0.02526782 0.1052035 0
0.01534066 0.9296063 -0.3682349 0
-0.1071025 0.3676871 0.9237615 0
-0.1614922 1.601738 -0.222267 1

0.9763708 0.1975581 0.08758602 0
-0.1595221 0.9323009 -0.3246038 0
-0.1457846 0.3029615 0.9417861 0
-0.125436 1.579598 -0.1567183 1

0.9011528 0.4256071 0.08235478 0
0.4019861 -0.8915325 0.2087515 0
0.1622682 -0.1550114 -0.9744951 0
-0.08240806 1.525944 -0.2403739 1

0.9760257 0.1995608 0.08688834 0
-0.1783402 0.9620866 -0.2063585 0
-0.1247752 0.1859155 0.974611 0
-0.1089615 1.53651 -0.2529489 1

0.9983264 -0.05325192 0.02255997 0
0.05630153 0.984079 -0.1685779 0
-0.01322359 0.1695659 0.9854301 0
-0.1359605 1.517246 -0.2425011 1

0.9898472 0.04200007 0.1357899 0
-0.01644064 -0.915102 0.4028873 0
0.141183 -0.4010292 -0.9051206 0
-0.06254856 1.537926 -0.2096948 1

0.9457532 0.32403 -0.02357417 0
-0.3036519 0.8558065 -0.4187972 0
-0.115528 0.403237 0.9077737 0
-0.1701452 1.519232 -0.213592 1

0.9741639 0.1731092 0.1450445 0
0.07489425 -0.8535182 0.5156525 0
0.2130624 -0.4914671 -0.8444317 0
-0.08811902 1.548755 -0.2364093 1

0.9855585 0.159442 0.05703142 0
-0.1078946 0.8508557 -0.5142019 0
-0.1305109 0.5006227 0.855771 0
-0.1135935 1.546905 -0.2440794 1

0.98498 0.1687389 -0.03663307 0
-0.1604791 0.8162988 -0.55489 0
-0.06372795 0.5524343 0.8311169 0
-0.1413409 1.54241 -0.2390198 1

0.9889774 0.132015 0.06705111 0
0.0866932 -0.8833799 0.4605692 0
0.1200336 -0.4496796 -0.8850877 0
-0.09968948 1.57372 -0.2411397 1

0.9889774 0.132015 0.06705111 0
-0.08669317 0.8833799 -0.4605691 0
-0.1200336 0.4496795 0.8850877 0
-0.1162079 1.561298 -0.2566982 1

0.9889774 0.132015 0.06705111 0
-0.08669317 0.8833799 -0.4605691 0
-0.1200336 0.4496795 0.8850877 0
-0.1373502 1.568505 -0.2436272 1

0.9890192 0.131632 0.06719062 0
-0.1013201 0.9348971 -0.3401498 0
-0.107591 0.3296069 0.9379678 0
-0.134762 1.661298 -0.1795032 1

0.4228845 -0.8110784 0.4041295 0
0.4211609 -0.2189624 -0.8801587 0
0.8023667 0.5424089 0.2489986 0
-0.09452608 1.45397 0.02127177 1

0.8384699 -0.4373185 0.3251479 0
0.5425467 0.7258564 -0.4228189 0
-0.05110413 0.5309287 0.8458742 0
-0.1888266 1.503002 0.2183324 1

0.8755487 -0.3747668 0.3049004 0
-0.03696528 0.5772798 0.8157094 0
-0.4817139 -0.725464 0.4915834 0
-0.351029 1.285993 0.3447423 1

0.9996721 0.0006268043 0.02560472 0
-0.01736441 0.7514625 0.6595474 0
-0.01882783 -0.6597758 0.7512269 0
-0.3417453 1.140995 0.1398576 1

-0.9814695 -0.1311075 -0.1397449 0
-0.01882783 -0.6597758 0.7512269 0
-0.1906919 0.7399372 0.6450812 0
-0.2882553 1.075744 0.03366738 1

0.9743669 0.1532669 0.1646771 0
-0.224876 0.6841672 0.6937913 0
-0.006331533 -0.713039 0.7010959 0
-0.3334286 1.084365 -0.001398169 1

0.5110643 0.6038728 0.6116787 0
-0.8580474 0.3164675 0.404479 0
0.05067721 -0.7315642 0.6798868 0
-0.3210676 1.046759 -0.03953321 1

