MeshAnim
1
35
79
30
0.7451499 -0.01128481 -0.6668016 0
-0.09460116 0.9879574 -0.1224367 0
0.6601533 0.1543139 0.7351088 0
0.01237277 0.8790783 0.01275961 1

0.9723728 0.1976193 0.124249 0
0.2256634 -0.9319729 -0.2837294 0
0.05972621 0.3039292 -0.9508206 0
0.1105117 0.8460512 -0.07575748 1

0.9723728 0.1976193 0.124249 0
0.1683743 -0.9624243 0.2130484 0
0.1616826 -0.1862422 -0.9691092 0
0.2098836 0.4356529 -0.200699 1

0.9913282 0.06231827 -0.1156932 0
0.06203505 -0.9980557 -0.006050732 0
-0.1158453 -0.001178764 -0.9932666 0
0.2635885 0.1286764 -0.1327446 1

0.9911687 0.06228927 -0.1170669 0
0.06660183 -0.9972242 0.03329109 0
-0.1146685 -0.04079394 -0.992566 0
0.2541789 0.02452719 -0.2694717 1

0.541331 -0.2718506 -0.7956494 0
0.2263517 0.9584724 -0.1734811 0
0.8097689 -0.08618589 0.5803847 0
-0.08698896 0.8490417 0.1009771 1

0.5413301 -0.2718544 -0.7956487 0
-0.05904131 0.9316621 -0.3584966 0
0.8387347 0.2410411 0.4882861 0
-0.1866637 0.426975 0.1773702 1

0.4442987 -0.1024955 -0.8899962 0
0.05992606 0.9946091 -0.0846272 0
0.8938723 -0.01573418 0.4480456 0
-0.167832 0.1298101 0.2917172 1

0.43528 -0.1027019 -0.8944181 0
-0.0378871 0.9905022 -0.1321731 0
0.8994976 0.09141925 0.4272548 0
-0.2965532 0.02833742 0.2391433 1

0.7143072 -0.02373819 -0.6994296 0
0.02733584 0.9996083 -0.006008757 0
0.6992983 -0.01482739 0.7146763 0
-0.001680893 1.013595 -0.005227998 1

0.7232829 -0.06754136 -0.6872409 0
0.01996863 0.9968348 -0.07695208 0
0.6902631 0.04193489 0.7223422 0
0.001450573 1.185883 -0.007840212 1

0.6923172 -0.2141484 -0.6890845 0
-0.2362754 0.8350306 -0.4968883 0
0.6818144 0.5068181 0.527508 0
0.01272546 1.373359 -0.01439883 1

0.07558837 0.9931205 -0.08943351 0
0.7608088 -0.1154174 -0.6386307 0
-0.6445594 -0.01976878 -0.7642988 0
0.04018076 1.445088 -0.1009577 1

0.9313375 0.3202069 0.1734313 0
0.3000736 -0.4049918 -0.863677 0
-0.2063173 0.8564168 -0.4732695 0
0.2105254 1.419246 -0.2439467 1

0.9310271 0.3214363 0.1728224 0
-0.1874737 0.8275329 -0.5291912 0
-0.3131172 0.4602917 0.8307163 0
0.3002369 1.298169 -0.5021544 1

0.8997489 0.4362827 -0.01045805 0
-0.4015231 0.8181996 -0.411496 0
-0.1709717 0.3744423 0.9113517 0
0.2531484 1.506023 -0.6350736 1

-0.8163562 -0.5717335 0.08175468 0
-0.1709717 0.3744424 0.9113517 0
-0.5516628 0.7300097 -0.4034284 0
0.1477857 1.597062 -0.6428671 1

-0.3674329 0.900395 -0.2329856 0
-0.9177213 -0.3916557 -0.06628716 0
-0.1509348 0.1894598 0.9702185 0
0.1826202 1.640956 -0.6281333 1

-0.6462323 -0.7613895 0.05167133 0
0.7479047 -0.6184147 0.2412518 0
-0.1517321 0.19455 0.9690863 0
0.1321765 1.619429 -0.6317769 1

-0.4418205 0.7975438 -0.410754 0
-0.8809917 -0.4721204 0.03092703 0
-0.1692596 0.3755351 0.9112216 0
0.1910936 1.626393 -0.6696447 1

-0.5253342 -0.8153934 0.243224 0
0.8339915 -0.436719 0.3372466 0
-0.168768 0.3800139 0.9094543 0
0.1413588 1.59877 -0.6674586 1

-0.6373276 0.5633342 -0.5258033 0
-0.7226681 -0.673812 0.1540404 0
-0.2675162 0.4781554 0.8365423 0
0.1945025 1.607929 -0.7082825 1

-0.4938323 -0.8135303 0.3070804 0
0.8273847 -0.3309625 0.4537611 0
-0.2675161 0.4781554 0.8365424 0
0.1554314 1.5715 -0.6999545 1

-0.7735797 0.375684 -0.5103298 0
-0.5903338 -0.7200149 0.3648077 0
-0.2303925 0.5834728 0.7787677 0
0.1969749 1.59107 -0.7396027 1

-0.1312504 -0.8082175 0.5740715 0
0.9634455 0.03243304 0.2659351 0
-0.2335522 0.5879907 0.7744166 0
0.1682394 1.554989 -0.721038 1

0.1531138 0.5824772 0.7982963 0
-0.8934233 0.4268201 -0.1400703 0
-0.4223166 -0.6917695 0.5857506 0
0.1861493 1.574237 -0.5855529 1

-0.8969366 0.4326805 0.09106418 0
-0.2850461 -0.4083868 -0.8671616 0
-0.3380144 -0.8037462 0.4896308 0
0.1332185 1.600661 -0.5925082 1

0.9490415 0.2915395 0.1196891 0
-0.1874737 0.8275329 -0.5291912 0
-0.2533267 0.4797858 0.8400187 0
0.2787454 1.393035 -0.5628199 1

0.007279947 0.9098417 -0.4148924 0
0.2982495 -0.3979948 -0.8675527 0
-0.9544605 -0.1174256 -0.2742572 0
0.2105254 1.419246 -0.2439468 1

0.4407199 0.8618366 -0.251006 0
0.3000736 -0.4049918 -0.863677 0
-0.8460037 0.3053193 -0.4371023 0
0.2675393 1.342298 -0.4080453 1

0.4343612 0.6436392 -0.6301262 0
0.5044774 -0.753387 -0.4217949 0
-0.7462126 -0.1346731 -0.6519434 0
0.2291948 1.469252 -0.2731271 1

0.9664299 0.05501097 -0.250972 0
-0.2146393 0.7097589 -0.6709487 0
0.1412201 0.7022935 0.6977397 0
-0.03091084 1.523492 -0.1048972 1

0.9966149 0.04052965 -0.07152626 0
-0.05424114 0.9779611 -0.2016191 0
0.06177834 0.2048162 0.9768488 0
-0.05693342 1.609543 -0.1862421 1

0.9966149 0.04052965 -0.07152626 0
-0.05424114 0.9779611 -0.2016191 0
0.06177834 0.2048162 0.9768488 0
-0.06726661 1.638793 -0.3136454 1

0.9614279 -0.2750397 -0.003135473 0
-0.2569712 -0.9022168 0.3463686 0
-0.0980939 -0.3322026 -0.9380937 0
-0.01341351 1.636258 -0.2932773 1

0.9507422 0.2857925 -0.1200495 0
-0.3086509 0.9086446 -0.2812469 0
0.02870414 0.3044468 0.9520969 0
-0.1183892 1.630022 -0.284394 1

0.9966149 0.04052963 -0.07152632 0
0.05424114 -0.9779611 0.2016191 0
-0.0617784 -0.2048162 -0.9768488 0
-0.02874994 1.654925 -0.2872237 1

0.9966149 0.04052965 -0.07152626 0
-0.05424114 0.9779611 -0.2016191 0
0.06177834 0.2048162 0.9768488 0
-0.1027988 1.651913 -0.281909 1

0.9680301 0.1819132 -0.1727003 0
0.2136225 -0.9587517 0.1875119 0
-0.131466 -0.2184097 -0.9669612 0
-0.05084745 1.653121 -0.3243843 1

0.9833258 0.1552284 -0.09473479 0
-0.171038 0.9664131 -0.1918114 0
0.06177834 0.2048162 0.9768488 0
-0.08275761 1.653386 -0.323502 1

0.9950745 0.04958724 0.08583638 0
0.05034832 -0.9987092 -0.00672169 0
0.08539239 0.01101037 -0.9962869 0
-0.000861085 1.674722 -0.3120883 1

0.9850264 0.0344326 -0.1689302 0
-0.04711225 0.9963179 -0.0716328 0
0.1658417 0.07851878 0.9830216 0
-0.1356182 1.670267 -0.3037111 1

0.9841213 0.1506702 -0.09382924 0
0.1665317 -0.9666936 0.1943468 0
-0.06142193 -0.2068862 -0.9764351 0
-0.0287693 1.655149 -0.2873665 1

0.9963675 -0.07012899 -0.04830876 0
0.05607834 0.9672555 -0.247532 0
0.06408602 0.2439238 0.9676747 0
-0.1028008 1.651906 -0.2819399 1

0.9937365 0.1038095 -0.04136693 0
-0.1095494 0.978049 -0.1772549 0
0.02205843 0.1806763 0.9832953 0
-0.06013832 1.618071 -0.2260654 1

0.9419367 0.3357286 -0.006413728 0
0.335761 -0.9414336 0.03110377 0
0.004404247 -0.03145122 -0.9994956 0
-0.03518268 1.573188 -0.3214131 1

0.9934988 0.1059107 -0.0417479 0
-0.1081185 0.9926296 -0.05474522 0
0.03564197 0.05890307 0.9976273 0
-0.06206201 1.587507 -0.3282928 1

0.9807301 -0.1365507 -0.139723 0
0.1305248 0.9901085 -0.05146204 0
0.1453682 0.03223298 0.9888523 0
-0.0890881 1.569234 -0.3162548 1

0.9982242 -0.05749381 -0.01558664 0
-0.05073011 -0.9576394 0.2834667 0
-0.03122395 -0.2821726 -0.9588555 0
-0.01002353 1.579165 -0.2929446 1

0.9604132 0.2464933 -0.1297981 0
-0.272668 0.9272376 -0.2566762 0
0.05708483 0.281907 0.9577421 0
-0.1183984 1.569968 -0.2823632 1

0.9973357 0.07191282 0.01224035 0
0.06156974 -0.9198369 0.3874394 0
0.03912097 -0.3856535 -0.9218141 0
-0.03793582 1.595619 -0.3138007 1

0.9945567 0.06966504 -0.07748243 0
-0.09411971 0.9196814 -0.3812189 0
0.04470149 0.3864366 0.921232 0
-0.06430206 1.596916 -0.3175871 1

0.981496 0.09183577 -0.1680234 0
-0.1552092 0.8954546 -0.4172184 0
0.1121418 0.435577 0.8931388 0
-0.09134788 1.594028 -0.3088747 1

0.9965926 0.0409303 -0.0716089 0
0.0622765 -0.9426547 0.3279082 0
-0.05408102 -0.3312504 -0.9419919 0
-0.04748711 1.621853 -0.31353 1

0.9965926 0.0409303 -0.0716089 0
-0.06227649 0.9426547 -0.3279081 0
0.05408102 0.3312503 0.9419918 0
-0.0672334 1.61308 -0.3277552 1

0.9965926 0.0409303 -0.0716089 0
-0.06227649 0.9426547 -0.3279081 0
0.05408102 0.3312503 0.9419918 0
-0.08544723 1.6201 -0.310762 1

0.9966149 0.04052965 -0.07152626 0
-0.05421554 0.9780456 -0.2012146 0
0.06180093 0.2044113 0.9769324 0
-0.06434551 1.70262 -0.2367746 1

-0.05614973 -0.9846801 -0.1650823 0
0.8406497 0.04257849 -0.539903 0
0.5386606 -0.1690918 0.8253802 0
-0.0355954 1.468844 -0.03573363 1

0.6759319 -0.5576838 -0.4817728 0
0.7330718 0.4416968 0.5172136 0
-0.0756442 -0.7027751 0.7073791 0
-0.2238135 1.45932 0.08514978 1

0.6758077 -0.5587052 -0.4807627 0
-0.1933621 -0.7637953 0.6158148 0
-0.7112632 -0.3232111 -0.6242111 0
-0.4429773 1.327266 -0.06948209 1

0.7700534 -0.5099539 -0.3833603 0
-0.25396 -0.7962573 0.5490705 0
-0.585254 -0.3254554 -0.7426686 0
-0.3944108 1.519111 -0.2241587 1

-0.714255 0.6404752 0.282191 0
-0.585254 -0.3254554 -0.7426686 0
-0.3838202 -0.695608 0.6072987 0
-0.2952463 1.60126 -0.2777119 1

-0.2921357 -0.8686749 0.4000762 0
-0.77582 0.4598697 0.4319994 0
-0.5592497 -0.1841846 -0.8082795 0
-0.3159885 1.647344 -0.2493692 1

-0.6892933 0.6759422 0.2607246 0
0.4840418 0.6974429 -0.5284669 0
-0.5390533 -0.238067 -0.8079267 0
-0.2733442 1.622067 -0.2731149 1

-0.171929 -0.8659792 0.4695965 0
-0.8203911 0.3897575 0.4183869 0
-0.5453429 -0.3133199 -0.7774521 0
-0.3430336 1.635059 -0.2829065 1

-0.6085386 0.7927794 0.0343768 0
0.6008253 0.4886277 -0.6326547 0
-0.518353 -0.3643404 -0.7736708 0
-0.2964773 1.612057 -0.3062457 1

-0.2642699 -0.6309578 0.7294202 0
-0.6986324 0.6466339 0.3062314 0
-0.6648867 -0.4286687 -0.6116933 0
-0.3646454 1.618362 -0.3160666 1

-0.5712022 0.819986 -0.03675598 0
0.5080168 0.3180017 -0.8004962 0
-0.6447071 -0.4759179 -0.5982098 0
-0.3268735 1.583402 -0.3326227 1

-0.338568 -0.3582751 0.8700634 0
-0.6070485 0.7896706 0.08895004 0
-0.7189324 -0.498055 -0.4848477 0
-0.3820763 1.602919 -0.3430652 1

-0.366698 0.8275896 -0.4250031 0
0.6023803 -0.136929 -0.7863767 0
-0.7089926 -0.5443763 -0.4483123 0
-0.3521497 1.563388 -0.3467783 1

-0.2077702 -0.5488107 -0.8097152 0
-0.8602473 -0.2915164 0.4183213 0
-0.4656246 0.78347 -0.4115443 0
-0.306612 1.579647 -0.2092914 1

-0.828046 -0.3107861 0.4666392 0
0.2460715 0.546401 0.8005592 0
-0.5037746 0.7777262 -0.3759692 0
-0.2550305 1.597956 -0.2327944 1

0.7278082 -0.5325812 -0.4320334 0
-0.1933621 -0.7637953 0.6158148 0
-0.6579564 -0.3646561 -0.6588774 0
-0.4208093 1.414827 -0.1400819 1

0.4236337 -0.8816656 0.207847 0
0.7258073 0.4676701 0.5044684 0
-0.5419765 -0.0628529 0.8380402 0
-0.2238136 1.45932 0.08514974 1

0.4969573 -0.867025 0.0360717 0
0.7330718 0.4416968 0.5172136 0
-0.4643698 -0.2305899 0.8550959 0
-0.3630958 1.375397 -0.01312184 1

0.6145075 -0.7211403 -0.319902 0
0.6664676 0.6915153 -0.2786173 0
0.4221392 -0.04199192 0.9055579 0
-0.2780438 1.520654 0.1150868 1

0.9948918 -0.100947 1.490116E-07 0
0.100947 0.9948918 1.862645E-08 0
-8.940697E-08 -9.313226E-10 1 0
-0.1509728 0.918208 0.07701799 1

1 0 0 0
0 1 0 0
0 0 1 0
0 0 0 1

1 0 0 0
0 1 0 0
0 0 1 0
0 0 0 1

0.7472053 0.0008573495 -0.6645928 0
-0.102789 0.9881153 -0.1142915 0
0.6565964 0.153712 0.7384131 0
0.00778673 0.8792531 0.0143853 1

0.970938 0.2009679 0.1299669 0
0.2298816 -0.9341985 -0.2728144 0
0.06658795 0.2947628 -0.9532475 0
0.1064717 0.8478334 -0.07410997 1

0.970938 0.2009679 0.1299669 0
0.1744322 -0.9660348 0.1906572 0
0.1638685 -0.1624459 -0.9730151 0
0.207701 0.4364551 -0.1942449 1

0.9914862 0.06242618 -0.1142727 0
0.06226866 -0.9980472 -0.004950952 0
-0.1143586 -0.002206819 -0.9934371 0
0.2633382 0.1283269 -0.1334326 1

0.9915074 0.0608363 -0.1149441 0
0.06547216 -0.9971685 0.03699241 0
-0.1123681 -0.04420388 -0.992683 0
0.2541566 0.02403784 -0.2700684 1

0.5452232 -0.2670396 -0.7946203 0
0.2315115 0.9590058 -0.1634329 0
0.8056886 -0.09485632 0.584695 0
-0.09157381 0.8476056 0.1020392 1

0.5452222 -0.2670438 -0.7946196 0
-0.08002026 0.9269958 -0.3664361 0
0.8344637 0.2633748 0.4840498 0
-0.1935207 0.4253041 0.1740075 1

0.444743 -0.1028721 -0.8897308 0
0.06002894 0.994572 -0.08498775 0
0.8936443 -0.01561192 0.4485044 0
-0.1679975 0.1296275 0.290887 1

0.4355363 -0.103752 -0.8941721 0
-0.03861184 0.9902681 -0.1337093 0
0.8993427 0.09276085 0.4272917 0
-0.2966982 0.02814204 0.2382877 1

0.7168716 -0.01984103 -0.6969228 0
0.02206309 0.99974 -0.005767452 0
0.696856 -0.01124175 0.717123 0
-0.007377785 1.013793 -0.002496829 1

0.7282894 -0.06234982 -0.6824273 0
0.01253523 0.9968976 -0.07770367 0
0.6851551 0.04803637 0.7268115 0
-0.005149551 1.186095 -0.005072994 1

0.700708 -0.2073182 -0.682662 0
-0.2413182 0.8315798 -0.5002406 0
0.671397 0.5152613 0.532665 0
0.00467504 1.373649 -0.01172386 1

0.06748031 0.9935532 -0.09109614 0
0.7699875 -0.1099234 -0.6285192 0
-0.6344809 -0.02773028 -0.7724411 0
0.03207714 1.445557 -0.09815091 1

0.9228438 0.3394267 0.1820683 0
0.3132639 -0.386379 -0.8675122 0
-0.2241095 0.8576134 -0.4628974 0
0.2044768 1.420945 -0.2388759 1

0.9225078 0.3406564 0.181474 0
-0.2072414 0.833802 -0.5116888 0
-0.3256233 0.4344281 0.8397868 0
0.2981319 1.305433 -0.4982302 1

0.8895979 0.4567233 0.00440383 0
-0.4197066 0.8212246 -0.3865704 0
-0.1801723 0.342044 0.9222494 0
0.2460782 1.514862 -0.6267533 1

-0.8032018 -0.5923889 0.06279036 0
-0.1801723 0.342044 0.9222494 0
-0.5678074 0.7294392 -0.3814622 0
0.1386778 1.603681 -0.6318827 1

-0.3876376 0.8986025 -0.20555 0
-0.9085197 -0.4101596 -0.07975763 0
-0.1559786 0.1558292 0.9753913 0
0.1724927 1.647878 -0.6157448 1

-0.6287831 -0.7771082 0.02710512 0
0.7615885 -0.6084438 0.2231128 0
-0.1568908 0.1609327 0.9744158 0
0.1225549 1.625333 -0.6201289 1

-0.4595242 0.7996457 -0.3865286 0
-0.8700464 -0.4927426 0.01497397 0
-0.1784853 0.3431788 0.922156 0
0.1813285 1.634804 -0.6576744 1

-0.5068401 -0.8342609 0.2170752 0
0.8434429 -0.4279011 0.324816 0
-0.1780944 0.3477202 0.9205287 0
0.1322333 1.606004 -0.6564191 1

-0.6495603 0.5647324 -0.5090668 0
-0.7072731 -0.6945034 0.1320217 0
-0.2789918 0.4458052 0.8505419 0
0.1851872 1.617629 -0.6968602 1

-0.4754396 -0.8336623 0.2810059 0
0.8343386 -0.3259831 0.4445384 0
-0.2789917 0.4458052 0.8505419 0
0.1469485 1.580081 -0.6897225 1

-0.7815201 0.3736464 -0.4996147 0
-0.5740899 -0.7441966 0.3414559 0
-0.2442279 0.5536783 0.7961112 0
0.1880675 1.601808 -0.7286835 1

-0.1132852 -0.8283899 0.5485774 0
0.9622461 0.04605489 0.2682571 0
-0.247486 0.558256 0.7918972 0
0.1601456 1.564527 -0.7112879 1

0.1391861 0.5607901 0.8161752 0
-0.902791 0.4105502 -0.12813 0
-0.4069348 -0.7190014 0.5634191 0
0.1775051 1.579969 -0.5752451 1

-0.9066208 0.4091645 0.1030696 0
-0.2749902 -0.3876915 -0.8798158 0
-0.3200302 -0.8260024 0.4640053 0
0.1239924 1.605387 -0.5814584 1

0.94104 0.3128653 0.1286823 0
-0.2072414 0.833802 -0.5116888 0
-0.2673851 0.4548514 0.8494796 0
0.2743742 1.401018 -0.5568892 1

-0.01207665 0.915206 -0.4028056 0
0.3112944 -0.3793755 -0.8713038 0
-0.950237 -0.1359135 -0.280317 0
0.2044769 1.420945 -0.238876 1

0.4216313 0.8751095 -0.237509 0
0.3132639 -0.386379 -0.8675122 0
-0.8509365 0.2913673 -0.4370497 0
0.263997 1.347533 -0.4037032 1

0.4364044 0.6460688 -0.6262159 0
0.5168444 -0.749708 -0.4132917 0
-0.7364939 -0.1432939 -0.6610928 0
0.2217256 1.470831 -0.2664214 1

0.9683539 0.06915662 -0.2398084 0
-0.2174238 0.7055313 -0.6745016 0
0.1225459 0.7052963 0.6982403 0
-0.03985766 1.523148 -0.102835 1

0.9964248 0.05677868 -0.0625591 0
-0.06829558 0.9772379 -0.2008521 0
0.04973093 0.2044067 0.9776222 0
-0.06621787 1.608685 -0.1846108 1

0.9964248 0.05677868 -0.0625591 0
-0.06829558 0.9772379 -0.2008521 0
0.04973093 0.2044067 0.9776222 0
-0.07588711 1.637945 -0.312064 1

0.9657521 -0.259416 0.005112976 0
-0.2453834 -0.9067529 0.3429088 0
-0.0843198 -0.3324196 -0.9393551 0
-0.02218383 1.636254 -0.2912183 1

0.9470147 0.3013343 -0.1111786 0
-0.320827 0.9039201 -0.2828401 0
0.01526713 0.3035229 0.9527019 0
-0.1271196 1.628305 -0.2832821 1

0.9964247 0.05677863 -0.06255919 0
0.06829558 -0.9772379 0.2008521 0
-0.04973093 -0.2044066 -0.9776219 0
-0.03787442 1.654661 -0.2852784 1

0.9964248 0.05677868 -0.0625591 0
-0.06829558 0.9772379 -0.2008521 0
0.04973093 0.2044067 0.9776222 0
-0.1119092 1.650442 -0.2806301 1

0.9664543 0.1978235 -0.1638048 0
0.2274639 -0.955428 0.1881952 0
-0.1192743 -0.2191418 -0.9683751 0
-0.05960736 1.652552 -0.3226374 1

0.9814845 0.1712798 -0.08573949 0
-0.1849726 0.9637848 -0.192104 0
0.04973093 0.2044067 0.9776222 0
-0.09152425 1.652299 -0.3220402 1

0.9933337 0.06558724 0.09479502 0
0.06659861 -0.9977515 -0.007541358 0
0.09408733 0.01380418 -0.9954684 0
-0.01008963 1.674943 -0.3098675 1

0.9858061 0.05063261 -0.1600702 0
-0.06262532 0.9955238 -0.07078392 0
0.1557698 0.07980373 0.9845643 0
-0.1448261 1.668293 -0.3027014 1

0.9823457 0.1667337 -0.08483294 0
0.180449 -0.9641418 0.1945987 0
-0.04934463 -0.2064712 -0.9772075 0
-0.03789608 1.654885 -0.2854211 1

0.9977651 -0.05390225 -0.03948554 0
0.0425882 0.9683871 -0.2457902 0
0.05148587 0.2435594 0.9685184 0
-0.1119107 1.650435 -0.2806609 1

0.9922515 0.1199607 -0.03234628 0
-0.1238132 0.9763951 -0.1769834 0
0.01035169 0.179617 0.9836822 0
-0.06920528 1.617217 -0.2244502 1

0.9363872 0.3509601 0.002437294 0
0.3506959 -0.935911 0.03290786 0
0.01383039 -0.02995977 -0.9994555 0
-0.04267529 1.572879 -0.3196279 1

0.9919832 0.1220584 -0.03272656 0
-0.123712 0.9908233 -0.05444741 0
0.02578035 0.05805972 0.9979802 0
-0.06972083 1.586771 -0.3267295 1

0.9840232 -0.1204391 -0.1311204 0
0.1149021 0.9921659 -0.04903328 0
0.1359987 0.03318404 0.990153 0
-0.09655339 1.568045 -0.314957 1

0.9991246 -0.041285 -0.006731868 0
-0.03771743 -0.9587366 0.2817835 0
-0.01808742 -0.281283 -0.9594544 0
-0.01787142 1.579223 -0.2909279 1

0.9574085 0.2622107 -0.1208905 0
-0.285371 0.923059 -0.2579248 0
0.04395822 0.2814381 0.9585719 0
-0.1261728 1.568256 -0.2813279 1

0.9958892 0.08805078 0.02125058 0
0.07302243 -0.9192661 0.3868042 0
0.05359313 -0.3836625 -0.921917 0
-0.04585972 1.595252 -0.3120119 1

0.9939476 0.08588529 -0.06849635 0
-0.1056198 0.918574 -0.3808754 0
0.03020728 0.3858049 0.9220858 0
-0.07220871 1.596127 -0.3160323 1

0.9813372 0.1079696 -0.1591222 0
-0.1659847 0.8934116 -0.4174506 0
0.09708956 0.4360717 0.894659 0
-0.09928074 1.592788 -0.3075659 1

0.9963968 0.05717903 -0.06264123 0
0.07463022 -0.9419851 0.3272528 0
-0.04029515 -0.3307487 -0.9428581 0
-0.05583727 1.621327 -0.3117934 1

0.9963968 0.05717903 -0.06264123 0
-0.07463019 0.9419851 -0.3272527 0
0.04029524 0.3307486 0.9428582 0
-0.07531101 1.612255 -0.3262056 1

0.9963968 0.05717903 -0.06264123 0
-0.07463019 0.9419851 -0.3272527 0
0.04029524 0.3307486 0.9428582 0
-0.09378713 1.618955 -0.3093672 1

0.9964248 0.05677868 -0.0625591 0
-0.068275 0.9773225 -0.2004473 0
0.04975921 0.2040021 0.9777051 0
-0.07468757 1.701702 -0.235089 1

-0.04281371 -0.9850484 -0.166874 0
0.8433267 0.05392598 -0.5346889 0
0.5356933 -0.1636214 0.8284087 0
-0.04453154 1.468551 -0.03362989 1

0.6816549 -0.5498582 -0.4827037 0
0.7275816 0.439725 0.5265616 0
-0.07727742 -0.7101394 0.6998073 0
-0.2333491 1.456486 0.08608614 1

0.6815284 -0.5508902 -0.4817046 0
-0.1824903 -0.7653996 0.6171392 0
-0.7086724 -0.3326916 -0.6221735 0
-0.4508715 1.325022 -0.07134046 1

0.776195 -0.4981251 -0.3865138 0
-0.2417295 -0.8013021 0.5472497 0
-0.5823129 -0.3313407 -0.7423781 0
-0.4050358 1.51727 -0.2263498 1

-0.7224272 0.6297022 0.2856128 0
-0.582313 -0.3313407 -0.7423782 0
-0.3728419 -0.70263 0.6060529 0
-0.3071334 1.60094 -0.279871 1

-0.2792242 -0.8738034 0.3981232 0
-0.7811629 0.4478233 0.4350165 0
-0.5584075 -0.1895318 -0.8076254 0
-0.3284492 1.646649 -0.2513475 1

-0.6980051 0.6655738 0.2641982 0
0.4731998 0.7056198 -0.5274304 0
-0.5374672 -0.2431306 -0.8074755 0
-0.2855112 1.622034 -0.275259 1

-0.1589153 -0.8696486 0.4673941 0
-0.8247897 0.3771416 0.4212915 0
-0.5426492 -0.3185522 -0.7772107 0
-0.3553947 1.634089 -0.2848632 1

-0.6193666 0.7841805 0.03802577 0
0.5926327 0.4987469 -0.6324858 0
-0.5149482 -0.3692054 -0.773638 0
-0.3085757 1.611803 -0.30837 1

-0.2539313 -0.6366907 0.7281098 0
-0.706839 0.6360057 0.309638 0
-0.6602256 -0.4360296 -0.6115394 0
-0.3768457 1.617192 -0.3180264 1

-0.5825649 0.8121098 -0.03310561 0
0.5018271 0.3273466 -0.8006336 0
-0.6393653 -0.4830344 -0.5982393 0
-0.3386302 1.582807 -0.3347668 1

-0.3316868 -0.3654758 0.8697191 0
-0.617715 0.7809326 0.09258634 0
-0.7130304 -0.506529 -0.484785 0
-0.3941201 1.601589 -0.3450334 1

-0.3790311 0.8236808 -0.4217645 0
0.6025029 -0.1262746 -0.7880638 0
-0.7023715 -0.5528152 -0.4484082 0
-0.363658 1.562486 -0.3489275 1

-0.2019235 -0.5492546 -0.8108925 0
-0.8552215 -0.3046155 0.4192921 0
-0.4773085 0.7781576 -0.4082252 0
-0.3180503 1.578971 -0.2114907 1

-0.8226516 -0.3235796 0.4674838 0
0.2402345 0.547402 0.8016475 0
-0.5152982 0.7717823 -0.372586 0
-0.2667781 1.598061 -0.2350494 1

0.7336146 -0.5238991 -0.4328272 0
-0.1824903 -0.7653996 0.6171392 0
-0.6546045 -0.3737556 -0.6571149 0
-0.4299499 1.412767 -0.1420922 1

0.4179752 -0.8828699 0.214097 0
0.7205712 0.4657119 0.5137022 0
-0.5532396 -0.06044279 0.8308267 0
-0.2333492 1.456486 0.08608608 1

0.4968581 -0.8670214 0.0375002 0
0.7275816 0.439725 0.5265616 0
-0.4730299 -0.2343419 0.8493097 0
-0.3715883 1.372938 -0.01396163 1

0.625424 -0.7129015 -0.3172011 0
0.6594465 0.7002277 -0.2735169 0
0.4171035 -0.03811323 0.9080595 0
-0.2878421 1.516868 0.1154587 1

0.9944493 -0.1052163 0.0003765821 0
0.1052164 0.9944494 -0.0001833811 0
-0.0003552139 0.0002219587 1 0
-0.1560825 0.9164193 0.07847561 1

1 0 0 0
0 1 0 0
0 0 1 0
0 0 0 1

1 0 0 0
0 1 0 0
0 0 1 0
0 0 0 1

0.7488212 0.01213341 -0.662661 0
-0.1103199 0.9881661 -0.1065704 0
0.6535261 0.1529069 0.7412983 0
0.003293046 0.8796697 0.0186712 1

0.9694523 0.2032079 0.1373636 0
0.2333509 -0.9366286 -0.2612945 0
0.0755614 0.2853665 -0.9554353 0
0.1024427 0.8497471 -0.06982351 1

0.9694523 0.2032079 0.1373636 0
0.1801403 -0.9699511 0.1635391 0
0.1664682 -0.1337987 -0.9769271 0
0.2051998 0.4372988 -0.1848856 1

0.991835 0.06247301 -0.1111773 0
0.06256224 -0.9980378 -0.002690032 0
-0.1111273 -0.004287483 -0.9937971 0
0.2626576 0.1279214 -0.1327229 1

0.9921861 0.05864499 -0.1101251 0
0.0638693 -0.9969649 0.04452351 0
-0.1071799 -0.05120931 -0.9929202 0
0.2539494 0.02334815 -0.2691725 1

0.5509961 -0.260777 -0.792716 0
0.2370627 0.9596983 -0.1509324 0
0.8001279 -0.1047602 0.5906104 0
-0.0960311 0.8465307 0.1058136 1

0.5509949 -0.2607816 -0.7927153 0
-0.09971295 0.9225395 -0.372798 0
0.82853 0.2844537 0.4823112 0
-0.2004225 0.4239242 0.1722773 1

0.4458653 -0.1038565 -0.8890544 0
0.06050257 0.9944711 -0.08582865 0
0.893053 -0.01552207 0.4496838 0
-0.1686181 0.1296692 0.291186 1

0.4365414 -0.1050221 -0.8935333 0
-0.03787415 0.9901378 -0.1348802 0
0.8988867 0.09272256 0.4282587 0
-0.2972871 0.02818179 0.2385127 1

0.7191148 -0.01788027 -0.6946611 0
0.01675347 0.9998244 -0.008391801 0
0.6946893 -0.005603317 0.7192882 0
-0.01289354 1.014218 0.002837431 1

0.7326636 -0.06029547 -0.6779149 0
0.006097123 0.9966093 -0.08205146 0
0.6805637 0.05598279 0.7305471 0
-0.0115755 1.186522 -0.0001958553 1

0.7084957 -0.2049953 -0.6752856 0
-0.2444045 0.8263914 -0.5072905 0
0.6620424 0.524456 0.5353932 0
-0.003008855 1.374109 -0.007621689 1

0.06184974 0.9933167 -0.09745019 0
0.778527 -0.1091105 -0.618054 0
-0.6245562 -0.03764113 -0.7800724 0
0.02450054 1.44575 -0.09423591 1

0.9145409 0.3587686 0.186816 0
0.3213537 -0.3639429 -0.8742296 0
-0.2456559 0.8595526 -0.4481323 0
0.1988122 1.42132 -0.2326178 1

0.9141741 0.3599995 0.1862428 0
-0.2313282 0.8407109 -0.4895839 0
-0.3328262 0.4044818 0.8518341 0
0.2948858 1.312515 -0.4939803 1

0.8774363 0.4794731 0.01453829 0
-0.4440082 0.8232598 -0.3536953 0
-0.181556 0.3038901 0.9352477 0
0.2367822 1.52368 -0.6169512 1

-0.787005 -0.6151463 0.04710108 0
-0.1815561 0.3038901 0.9352477 0
-0.589628 0.727493 -0.3508466 0
0.1270722 1.609775 -0.6181081 1

-0.4125018 0.8949094 -0.1702346 0
-0.8981686 -0.4307489 -0.08802682 0
-0.1521041 0.1165882 0.981464 0
0.1598563 1.654238 -0.6006277 1

-0.6081389 -0.793823 0.003534079 0
0.7789162 -0.5958481 0.1955883 0
-0.1531565 0.1216976 0.9806798 0
0.1104875 1.630561 -0.6054662 1

-0.48325 0.8006552 -0.3541485 0
-0.8567997 -0.5156385 0.0033876 0
-0.1799001 0.3050713 0.935183 0
0.1686903 1.642912 -0.6430636 1

-0.4832237 -0.8545322 0.1904453 0
0.856869 -0.4169832 0.303152 0
-0.1796404 0.3096769 0.933718 0
0.1203719 1.612807 -0.6424982 1

-0.6680998 0.5653802 -0.4837238 0
-0.6879002 -0.7171246 0.1119185 0
-0.2836136 0.4075263 0.8680357 0
0.1726781 1.627261 -0.6828697 1

-0.4513349 -0.8554031 0.2541307 0
0.8460854 -0.3196999 0.4265348 0
-0.2836136 0.4075263 0.8680356 0
0.1354867 1.58849 -0.676819 1

-0.7949691 0.3706788 -0.4802309 0
-0.5517859 -0.7707849 0.3184698 0
-0.2521046 0.5181583 0.8172853 0
0.1757117 1.612674 -0.7152628 1

-0.0872938 -0.8502251 0.5191313 0
0.9628564 0.06165274 0.262882 0
-0.2555144 0.5227969 0.8132625 0
0.1489091 1.574071 -0.6990249 1

0.1311446 0.5346109 0.8348608 0
-0.9141581 0.3910352 -0.1068022 0
-0.3835572 -0.7491882 0.5400008 0
0.166958 1.585074 -0.5626407 1

-0.916086 0.3812563 0.1242184 0
-0.2719096 -0.3629664 -0.8912469 0
-0.2947061 -0.850235 0.4361755 0
0.1127545 1.609285 -0.5675517 1

0.9328166 0.33459 0.1338013 0
-0.2313282 0.8407109 -0.4895839 0
-0.276298 0.4257402 0.8616292 0
0.2683669 1.408892 -0.5501053 1

-0.03500633 0.9212906 -0.3872962 0
0.3192083 -0.3569268 -0.8779005 0
-0.9470381 -0.1543602 -0.2815892 0
0.1988123 1.42132 -0.2326178 1

0.3997899 0.8890296 -0.2231472 0
0.3213537 -0.3639429 -0.8742296 0
-0.858429 0.2777988 -0.4311938 0
0.2598695 1.352171 -0.3987214 1

0.439802 0.6445597 -0.6253935 0
0.5270706 -0.7490674 -0.4013661 0
-0.7271662 -0.1531049 -0.6691698 0
0.2131337 1.470725 -0.2570307 1

0.9702471 0.08080164 -0.2282357 0
-0.2184542 0.6986095 -0.6813387 0
0.1043943 0.710926 0.6954754 0
-0.048086 1.522657 -0.1000102 1

0.9962857 0.06784996 -0.0530206 0
-0.07728343 0.9761071 -0.2030816 0
0.03797483 0.2064249 0.9777253 0
-0.0745711 1.607356 -0.1826148 1

0.9962857 0.06784996 -0.0530206 0
-0.07728343 0.9761071 -0.2030816 0
0.03797483 0.2064249 0.9777253 0
-0.0833332 1.636312 -0.3102028 1

0.9685007 -0.2485663 0.01486275 0
-0.2385251 -0.9089285 0.3419869 0
-0.07149735 -0.3347598 -0.9395875 0
-0.02981864 1.635256 -0.2888364 1

0.9446141 0.3117628 -0.1025104 0
-0.3281729 0.8998395 -0.287387 0
0.002646357 0.3051109 0.9523132 0
-0.1347307 1.626142 -0.2819016 1

0.9962857 0.06784996 -0.0530206 0
0.07728343 -0.9761071 0.2030816 0
-0.03797489 -0.2064249 -0.9777253 0
-0.04577104 1.653495 -0.2830781 1

0.9962857 0.06784996 -0.0530206 0
-0.07728343 0.9761071 -0.2030816 0
0.03797483 0.2064249 0.9777253 0
-0.1197955 1.648453 -0.2791385 1

0.9657196 0.2083972 -0.1547791 0
0.2363127 -0.9525334 0.1919278 0
-0.1074349 -0.2219247 -0.969127 0
-0.06711639 1.651085 -0.3206419 1

0.9802896 0.1821413 -0.07652935 0
-0.1938818 0.9613601 -0.1954395 0
0.03797483 0.2064249 0.9777253 0
-0.09903271 1.650476 -0.3203527 1

0.9915733 0.0768605 0.1042818 0
0.07783341 -0.9969524 -0.005285162 0
0.1035577 0.01335722 -0.994534 0
-0.01797832 1.674049 -0.3074303 1

0.9866807 0.06143826 -0.1506198 0
-0.0730774 0.9946515 -0.07299437 0
0.1453295 0.08302907 0.9858931 0
-0.1526949 1.6659 -0.3015555 1

0.9811928 0.1776066 -0.07560691 0
0.1893385 -0.961764 0.1978909 0
-0.03756952 -0.2084844 -0.9773039 0
-0.04579385 1.653718 -0.2832214 1

0.9986415 -0.04277401 -0.02975625 0
0.03412229 0.9684321 -0.2469319 0
0.03937933 0.2455811 0.968576 0
-0.1197967 1.648446 -0.2791694 1

0.9911131 0.1310267 -0.02295157 0
-0.1330165 0.9746779 -0.179749 0
-0.001181453 0.1812045 0.9834447 0
-0.07726807 1.615793 -0.2224951 1

0.9323324 0.3614375 0.01091716 0
0.3608158 -0.9318705 0.03780702 0
0.02383822 -0.03130961 -0.9992255 0
-0.04932342 1.571612 -0.3173402 1

0.9908249 0.1331207 -0.02333784 0
-0.1342629 0.989291 -0.05724127 0
0.01546794 0.05984953 0.9980876 0
-0.0764528 1.585189 -0.3247252 1

0.9865329 -0.1095989 -0.1214119 0
0.1042576 0.9933164 -0.04952416 0
0.1260285 0.03619909 0.9913661 0
-0.1031867 1.566182 -0.3131822 1

0.9995427 -0.03009298 0.002988428 0
-0.02970847 -0.9586731 0.2829548 0
-0.005650043 -0.2829142 -0.9591287 0
-0.02487106 1.578277 -0.2884122 1

0.9555386 0.2727436 -0.1120582 0
-0.2931763 0.9194124 -0.2621613 0
0.03152475 0.2833579 0.9584959 0
-0.1331308 1.566111 -0.2798413 1

0.9945889 0.09924039 0.0307292 0
0.07956094 -0.9178056 0.3889767 0
0.06680551 -0.384427 -0.920735 0
-0.0528317 1.593959 -0.3097915 1

0.9935403 0.09691803 -0.05902854 0
-0.1122044 0.9167571 -0.383362 0
0.01696026 0.3875089 0.92171 0
-0.07914858 1.594533 -0.3140676 1

0.9815612 0.1187229 -0.1498077 0
-0.171927 0.8908644 -0.4204779 0
0.08353785 0.4384808 0.8948497 0
-0.1062623 1.590904 -0.3058578 1

0.9962538 0.06824984 -0.05310389 0
0.08199935 -0.9405949 0.3294804 0
-0.02746221 -0.3326006 -0.9426678 0
-0.0631021 1.619921 -0.3097115 1

0.9962538 0.06824984 -0.05310389 0
-0.08199933 0.9405949 -0.3294804 0
0.02746215 0.3326005 0.9426678 0
-0.08233263 1.61061 -0.3242964 1

0.9962538 0.06824984 -0.05310389 0
-0.08199933 0.9405949 -0.3294804 0
0.02746215 0.3326005 0.9426678 0
-0.1010448 1.617128 -0.3076481 1

0.9962857 0.06784996 -0.0530206 0
-0.07726766 0.9761925 -0.2026766 0
0.03800669 0.2060206 0.9778093 0
-0.08359256 1.700195 -0.2333229 1

-0.02984211 -0.9854374 -0.1673994 0
0.8447816 0.0646525 -0.5311912 0
0.5342785 -0.1572678 0.83055 0
-0.05287397 1.46843 -0.03052277 1

0.6865577 -0.5458699 -0.4802758 0
0.7225996 0.4390942 0.5338972 0
-0.08055204 -0.7135982 0.6959088 0
-0.2420174 1.453964 0.08841015 1

0.6864263 -0.5469068 -0.4792826 0
-0.1727114 -0.7628306 0.6231055 0
-0.7063922 -0.3449386 -0.6180841 0
-0.4580503 1.322688 -0.07120959 1

0.7805318 -0.4908113 -0.3871364 0
-0.2316743 -0.802325 0.5500927 0
-0.5806009 -0.3396753 -0.7399485 0
-0.4146708 1.514291 -0.2277174 1

-0.7284441 0.6226769 0.2857322 0
-0.5806007 -0.3396752 -0.7399486 0
-0.3636926 -0.7049075 0.608961 0
-0.3178136 1.598861 -0.2817233 1

-0.268766 -0.8756435 0.4012653 0
-0.7848328 0.4405951 0.4357911 0
-0.5583929 -0.1978003 -0.8056505 0
-0.3395481 1.644417 -0.2532718 1

-0.7044653 0.6587498 0.2641554 0
0.4642131 0.709199 -0.5306067 0
-0.5368755 -0.2511694 -0.805406 0
-0.2964084 1.620199 -0.2772259 1

-0.1483322 -0.8699985 0.4702133 0
-0.8277298 0.369409 0.422375 0
-0.5411666 -0.3265577 -0.7749189 0
-0.3664422 1.631474 -0.2866828 1

-0.6276885 0.7775633 0.03745228 0
0.5856012 0.5033318 -0.6353965 0
-0.5129118 -0.376899 -0.7712774 0
-0.3194458 1.609627 -0.3102486 1

-0.2451887 -0.6373487 0.7305268 0
-0.7128634 0.6292156 0.3096994 0
-0.6570453 -0.444831 -0.6086191 0
-0.3877943 1.614254 -0.3197433 1

-0.5913721 0.805688 -0.03385136 0
0.4962201 0.3304924 -0.8028329 0
-0.6356452 -0.4915708 -0.5952425 0
-0.3492531 1.580236 -0.3364871 1

-0.3255025 -0.3665919 0.8715838 0
-0.6258625 0.774486 0.09201717 0
-0.7087626 -0.5155399 -0.4815335 0
-0.4049684 1.59839 -0.3466622 1

-0.3889686 0.8183633 -0.4230655 0
0.6018139 -0.1219803 -0.7892656 0
-0.6975121 -0.5616066 -0.4450561 0
-0.3740965 1.559607 -0.3505267 1

-0.1980597 -0.5536678 -0.8088415 0
-0.8508124 -0.3126394 0.422345 0
-0.4867145 0.7718217 -0.4091461 0
-0.3283182 1.576967 -0.2132546 1

-0.8179169 -0.3311164 0.4705047 0
0.2363646 0.5522024 0.7995028 0
-0.524542 0.7651373 -0.3733913 0
-0.2773152 1.596542 -0.2369985 1

0.7386577 -0.5187958 -0.4303905 0
-0.1727114 -0.7628306 0.6231055 0
-0.6515797 -0.3859284 -0.6530725 0
-0.4382498 1.410139 -0.1426452 1

0.4141053 -0.8833339 0.2196319 0
0.7157738 0.4650781 0.5209324 0
-0.5623031 -0.05851411 0.8248584 0
-0.2420176 1.453964 0.08841009 1

0.4967487 -0.8669406 0.04067877 0
0.7225996 0.4390942 0.5338972 0
-0.4807189 -0.2358182 0.8445705 0
-0.37931 1.370535 -0.01303141 1

0.6355634 -0.7049204 -0.3148757 0
0.6517849 0.7085053 -0.2705489 0
0.4138064 -0.0332803 0.9097564 0
-0.2967427 1.513452 0.1172826 1

0.9940535 -0.1088861 0.001278579 0
0.108887 0.9940539 -0.0006230734 0
-0.00120309 0.0007585827 0.999999 0
-0.1610236 0.9150217 0.08264238 1

1 0 0 0
0 1 0 0
0 0 1 0
0 0 0 1

1 0 0 0
0 1 0 0
0 0 1 0
0 0 0 1

0.7498825 0.02181084 -0.6612115 0
-0.1167085 0.9881428 -0.09976453 0
0.6511954 0.1519807 0.7435364 0
-0.0008190587 0.8801669 0.02473058 1

0.9679179 0.2045688 0.1458992 0
0.2361642 -0.9389386 -0.2502421 0
0.0857985 0.2766699 -0.9571273 0
0.09868229 0.8515325 -0.06379558 1

0.9679179 0.2045688 0.1458992 0
0.1855836 -0.973483 0.1337535 0
0.169392 -0.1023859 -0.9802161 0
0.2026782 0.4380669 -0.1739907 1

0.9921957 0.06200033 -0.1081835 0
0.06228048 -0.9980586 -0.0007913653 0
-0.1080226 -0.005952547 -0.9941307 0
0.2618723 0.127563 -0.1313285 1

0.992938 0.05558804 -0.1048059 0
0.0613984 -0.9967028 0.05305024 0
-0.1015113 -0.05911053 -0.9930769 0
0.2535602 0.0227595 -0.267626 1

0.5579401 -0.2536148 -0.7901787 0
0.2433814 0.9602969 -0.1363657 0
0.7933905 -0.1162309 0.5975132 0
-0.1000728 0.8457511 0.1114574 1

0.5579388 -0.2536198 -0.790178 0
-0.1176661 0.9183612 -0.3778454 0
0.821498 0.3037918 0.482547 0
-0.2072466 0.422881 0.1715065 1

0.4473029 -0.1051582 -0.8881789 0
0.06152534 0.9943292 -0.08674081 0
0.8922638 -0.01584611 0.4512364 0
-0.1697158 0.1299585 0.2920251 1

0.4379437 -0.1063081 -0.8926947 0
-0.03572535 0.9901414 -0.135439 0
0.8982923 0.09120649 0.4298284 0
-0.2983832 0.02853042 0.2392342 1

0.7209284 -0.01774116 -0.6927825 0
0.01180715 0.9998416 -0.01331766 0
0.692909 0.001421313 0.7210236 0
-0.01787318 1.014713 0.00982143 1

0.7363253 -0.06071651 -0.6738982 0
0.0007257275 0.9960362 -0.08894738 0
0.6766274 0.06500515 0.7334505 0
-0.01740356 1.187005 0.005935393 1

0.7153954 -0.2058859 -0.6676979 0
-0.2460413 0.8201668 -0.5165174 0
0.6539673 0.5337955 0.536087 0
-0.009887593 1.374582 -0.002752531 1

0.05809157 0.992584 -0.1067827 0
0.7861224 -0.1114116 -0.6079468 0
-0.6153351 -0.04862775 -0.7867644 0
0.01782467 1.445655 -0.08976963 1

0.9071302 0.3764912 0.1880673 0
0.3244255 -0.3409329 -0.8823339 0
-0.2680726 0.8614057 -0.4314137 0
0.193837 1.42071 -0.2258885 1

0.9067317 0.3777231 0.187518 0
-0.2566409 0.8470973 -0.465362 0
-0.334624 0.3738339 0.865029 0
0.2908289 1.318784 -0.4896739 1

0.8647351 0.5017902 0.02097833 0
-0.4702701 0.823665 -0.3168952 0
-0.1762941 0.264165 0.9482287 0
0.2263674 1.531553 -0.606561 1

-0.7699362 -0.6371949 0.03436863 0
-0.1762941 0.264165 0.9482287 0
-0.6132853 0.7240169 -0.3157238 0
0.1144413 1.614682 -0.603072 1

-0.4380753 0.8892959 -0.1313144 0
-0.8877614 -0.4509515 -0.09232005 0
-0.1413161 0.0761327 0.9870327 0
0.1462953 1.659324 -0.5843732 1

-0.5870945 -0.8093149 -0.01816741 0
0.7968755 -0.5817307 0.1630316 0
-0.1425124 0.0812378 0.9864536 0
0.09749845 1.634537 -0.5894476 1

-0.5089109 0.8000562 -0.3176799 0
-0.8429119 -0.5380316 -0.0046857 0
-0.1746706 0.2653916 0.9481865 0
0.154826 1.649815 -0.6273137 1

-0.4580275 -0.873547 0.1647019 0
0.8716322 -0.4049535 0.2761711 0
-0.1745518 0.2700534 0.9468913 0
0.1073226 1.618434 -0.6272423 1

-0.6893533 0.5648962 -0.4535248 0
-0.6673033 -0.7388262 0.09403574 0
-0.2819555 0.3674625 0.886269 0
0.1586622 1.635758 -0.6677253 1

-0.4252368 -0.8759229 0.2278888 0
0.8600438 -0.3126198 0.4032297 0
-0.2819554 0.3674625 0.8862691 0
0.1225845 1.595813 -0.6626413 1

-0.8110342 0.3668914 -0.4556476 0
-0.5269508 -0.7964446 0.2966468 0
-0.2540608 0.4806946 0.8392771 0
0.1616211 1.622464 -0.700677 1

-0.05777401 -0.870859 0.4881264 0
0.9645105 0.07749523 0.2524166 0
-0.2576467 0.4853863 0.8354752 0
0.136066 1.582588 -0.6855431 1

0.1288367 0.5066803 0.8524532 0
-0.9254649 0.3702481 -0.08019617 0
-0.3562529 -0.7785833 0.516616 0
0.1557325 1.589017 -0.5490903 1

-0.9238966 0.351887 0.1503039 0
-0.2748127 -0.3368755 -0.9005516 0
-0.2662585 -0.8733218 0.4079409 0
0.1008519 1.611942 -0.5523868 1

0.9250902 0.3547333 0.1355453 0
-0.2566409 0.8470973 -0.465362 0
-0.2798994 0.3957156 0.8746805 0
0.2614082 1.415894 -0.5430222 1

-0.05854195 0.9269205 -0.3706638 0
0.3220972 -0.3339046 -0.8858675 0
-0.9448951 -0.1712501 -0.279011 0
0.193837 1.42071 -0.2258886 1

0.3778554 0.9018426 -0.209537 0
0.3244255 -0.3409329 -0.8823339 0
-0.8671641 0.2654155 -0.4214039 0
0.2554778 1.355933 -0.393532 1

0.4438089 0.6404349 -0.626799 0
0.5353307 -0.7504109 -0.3876919 0
-0.718648 -0.1634836 -0.6758833 0
0.2043211 1.469494 -0.2464068 1

0.9719272 0.09006914 -0.2173596 0
-0.2182627 0.6901234 -0.6899936 0
0.08785775 0.7180649 0.6904083 0
-0.05524909 1.521993 -0.09680878 1

0.9962267 0.07478882 -0.04403645 0
-0.0823409 0.9748296 -0.2071894 0
0.02743229 0.2100336 0.9773093 0
-0.081711 1.605663 -0.1804627 1

0.9962267 0.07478882 -0.04403645 0
-0.0823409 0.9748296 -0.2071894 0
0.02743229 0.2100336 0.9773093 0
-0.08949491 1.63412 -0.3082264 1

0.9700658 -0.2415841 0.02468956 0
-0.235213 -0.9094357 0.3429316 0
-0.06039315 -0.3384736 -0.9390362 0
-0.03617471 1.633519 -0.2863623 1

0.9432818 0.3181553 -0.09485212 0
-0.3318883 0.8964825 -0.2935461 0
-0.008360058 0.3083771 0.9512274 0
-0.1410792 1.623679 -0.2803667 1

0.9962267 0.07478879 -0.04403654 0
0.0823409 -0.9748296 0.2071894 0
-0.02743244 -0.2100336 -0.9773092 0
-0.05230922 1.651663 -0.2808155 1

0.9962267 0.07478882 -0.04403645 0
-0.0823409 0.9748296 -0.2071894 0
0.02743229 0.2100336 0.9773093 0
-0.1263293 1.646105 -0.2775433 1

0.9656065 0.2147652 -0.1465625 0
0.241295 -0.9501578 0.1974254 0
-0.09685737 -0.226 -0.9693001 0
-0.07328752 1.648973 -0.3185665 1

0.9796364 0.1888818 -0.06809044 0
-0.1988972 0.9592757 -0.2005749 0
0.02743229 0.2100336 0.9773093 0
-0.1052 1.648136 -0.3185705 1

0.9899912 0.08430334 0.1131834 0
0.08497217 -0.996383 -0.001089439 0
0.1126821 0.01069607 -0.9935739 0
-0.02443876 1.672332 -0.304981 1

0.9875734 0.06797486 -0.1416975 0
-0.07947393 0.9938483 -0.07713417 0
0.1355824 0.087437 0.9869002 0
-0.1591427 1.66324 -0.3003245 1

0.9805633 0.1843568 -0.06714404 0
0.1943343 -0.9597037 0.2029857 0
-0.02701646 -0.2120887 -0.9768771 0
-0.05233234 1.651886 -0.2809597 1

0.9991537 -0.03573537 -0.0203658 0
0.02951868 0.967801 -0.24998 0
0.02864292 0.2491672 0.9680368 0
-0.1263301 1.646098 -0.2775742 1

0.9903259 0.1380294 -0.01423702 0
-0.1382765 0.9730819 -0.1843686 0
-0.01159456 0.1845536 0.9827541 0
-0.08409785 1.613945 -0.2203954 1

0.9295952 0.3681287 0.01828304 0
0.3670724 -0.9291326 0.04439202 0
0.03332937 -0.03455542 -0.998847 0
-0.05496074 1.56964 -0.3148233 1

0.9900265 0.14012 -0.01463309 0
-0.1407633 0.9881046 -0.06192935 0
0.005781531 0.06337146 0.9979733 0
-0.08211647 1.582997 -0.3225063 1

0.9883719 -0.1029581 -0.1118962 0
0.09764072 0.9938613 -0.05201967 0
0.116565 0.0404892 0.9923574 0
-0.1088203 1.563839 -0.3111449 1

0.9996609 -0.0229363 0.01234141 0
-0.02550879 -0.9578878 0.286008 0
0.005261809 -0.2862258 -0.9581479 0
-0.0308259 1.576579 -0.2856937 1

0.9545717 0.2791829 -0.1041623 0
-0.2972673 0.9163912 -0.268066 0
0.02061388 0.2868524 0.9577529 0
-0.1390712 1.563668 -0.2780825 1

0.9935296 0.1064525 0.03958425 0
0.08247876 -0.9158778 0.3928933 0
0.07807878 -0.3870862 -0.9187318 0
-0.05869786 1.591987 -0.3073853 1

0.9933304 0.1038157 -0.05017075 0
-0.1151645 0.9146153 -0.3875772 0
0.005650252 0.3907702 0.9204711 0
-0.08497743 1.592358 -0.3119068 1

0.9820391 0.1252239 -0.1411322 0
-0.1743545 0.8881695 -0.4251536 0
0.07210994 0.4421246 0.8940504 0
-0.1121396 1.588563 -0.3039356 1

0.9961928 0.07518816 -0.04412127 0
0.08563106 -0.9388525 0.3335018 0
-0.01634797 -0.3360103 -0.9417164 0
-0.06915309 1.617875 -0.3074908 1

0.9961928 0.07518816 -0.04412127 0
-0.08563104 0.9388525 -0.3335017 0
0.01634797 0.3360103 0.9417164 0
-0.08818078 1.608377 -0.3222206 1

0.9961928 0.07518816 -0.04412127 0
-0.08563104 0.9388525 -0.3335017 0
0.01634797 0.3360103 0.9417164 0
-0.1070925 1.614818 -0.305769 1

0.9962267 0.07478882 -0.04403645 0
-0.08232949 0.9749164 -0.2067846 0
0.0274666 0.2096299 0.9773951 0
-0.09092209 1.698262 -0.2315754 1

-0.01781709 -0.9858867 -0.1664637 0
0.8453124 0.07406255 -0.5291142 0
0.5339752 -0.150141 0.8320625 0
-0.06022359 1.468345 -0.026887 1

0.6905318 -0.5450407 -0.4754965 0
0.7183052 0.4396108 0.5392403 0
-0.0848746 -0.7139142 0.6950706 0
-0.249486 1.451771 0.09158087 1

0.6903944 -0.5460781 -0.4745045 0
-0.1637487 -0.7568427 0.6327527 0
-0.7046576 -0.3591495 -0.6119394 0
-0.464235 1.320341 -0.06963627 1

0.7834533 -0.4872492 -0.3857322 0
-0.2231682 -0.799882 0.5571223 0
-0.5799975 -0.3503962 -0.7354086 0
-0.4231066 1.51044 -0.2285672 1

-0.7327983 0.6187449 0.2831288 0
-0.5799974 -0.3503962 -0.7354086 0
-0.355823 -0.7031201 0.6156401 0
-0.3271367 1.595395 -0.2835437 1

-0.2600994 -0.8746839 0.408995 0
-0.7871783 0.4373844 0.4347942 0
-0.5591952 -0.2088622 -0.8022953 0
-0.3491675 1.640989 -0.255383 1

-0.7091925 0.654847 0.2611926 0
